         0
         3
         3         2         1
       360       250
         1    0    5.000000E+00    5.000000E+00    0.000000E+00
         2    0    6.000000E+00    5.000000E+00    0.000000E+00
         3    0    7.000000E+00    5.000000E+00    0.000000E+00
         4    0    8.000000E+00    5.000000E+00    0.000000E+00
         5    0    9.000000E+00    5.000000E+00    0.000000E+00
         6    0    5.000000E+00    6.000000E+00    0.000000E+00
         7    0    6.000000E+00    6.000000E+00    0.000000E+00
         8    0    7.000000E+00    6.000000E+00    0.000000E+00
         9    0    8.000000E+00    6.000000E+00    0.000000E+00
        10    0    9.000000E+00    6.000000E+00    0.000000E+00
        11    0    5.000000E+00    7.000000E+00    0.000000E+00
        12    0    6.000000E+00    7.000000E+00    0.000000E+00
        13    0    7.000000E+00    7.000000E+00    0.000000E+00
        14    0    8.000000E+00    7.000000E+00    0.000000E+00
        15    0    9.000000E+00    7.000000E+00    0.000000E+00
        16    0    5.000000E+00    8.000000E+00    0.000000E+00
        17    0    6.000000E+00    8.000000E+00    0.000000E+00
        18    0    7.000000E+00    8.000000E+00    0.000000E+00
        19    0    8.000000E+00    8.000000E+00    0.000000E+00
        20    0    9.000000E+00    8.000000E+00    0.000000E+00
        21    0    5.000000E+00    9.000000E+00    0.000000E+00
        22    0    6.000000E+00    9.000000E+00    0.000000E+00
        23    0    7.000000E+00    9.000000E+00    0.000000E+00
        24    0    8.000000E+00    9.000000E+00    0.000000E+00
        25    0    9.000000E+00    9.000000E+00    0.000000E+00
        26    0    5.000000E+00    5.000000E+00    1.000000E+00
        27    0    6.000000E+00    5.000000E+00    1.000000E+00
        28    0    7.000000E+00    5.000000E+00    1.000000E+00
        29    0    8.000000E+00    5.000000E+00    1.000000E+00
        30    0    9.000000E+00    5.000000E+00    1.000000E+00
        31    0    5.000000E+00    6.000000E+00    1.000000E+00
        32    0    6.000000E+00    6.000000E+00    1.000000E+00
        33    0    7.000000E+00    6.000000E+00    1.000000E+00
        34    0    8.000000E+00    6.000000E+00    1.000000E+00
        35    0    9.000000E+00    6.000000E+00    1.000000E+00
        36    0    5.000000E+00    7.000000E+00    1.000000E+00
        37    0    6.000000E+00    7.000000E+00    1.000000E+00
        38    0    7.000000E+00    7.000000E+00    1.000000E+00
        39    0    8.000000E+00    7.000000E+00    1.000000E+00
        40    0    9.000000E+00    7.000000E+00    1.000000E+00
        41    0    5.000000E+00    8.000000E+00    1.000000E+00
        42    0    6.000000E+00    8.000000E+00    1.000000E+00
        43    0    7.000000E+00    8.000000E+00    1.000000E+00
        44    0    8.000000E+00    8.000000E+00    1.000000E+00
        45    0    9.000000E+00    8.000000E+00    1.000000E+00
        46    0    5.000000E+00    9.000000E+00    1.000000E+00
        47    0    6.000000E+00    9.000000E+00    1.000000E+00
        48    0    7.000000E+00    9.000000E+00    1.000000E+00
        49    0    8.000000E+00    9.000000E+00    1.000000E+00
        50    0    9.000000E+00    9.000000E+00    1.000000E+00
        51    0    5.000000E+00    5.000000E+00    2.000000E+00
        52    0    6.000000E+00    5.000000E+00    2.000000E+00
        53    0    7.000000E+00    5.000000E+00    2.000000E+00
        54    0    8.000000E+00    5.000000E+00    2.000000E+00
        55    0    9.000000E+00    5.000000E+00    2.000000E+00
        56    0    5.000000E+00    6.000000E+00    2.000000E+00
        57    0    6.000000E+00    6.000000E+00    2.000000E+00
        58    0    7.000000E+00    6.000000E+00    2.000000E+00
        59    0    8.000000E+00    6.000000E+00    2.000000E+00
        60    0    9.000000E+00    6.000000E+00    2.000000E+00
        61    0    5.000000E+00    7.000000E+00    2.000000E+00
        62    0    6.000000E+00    7.000000E+00    2.000000E+00
        63    0    7.000000E+00    7.000000E+00    2.000000E+00
        64    0    8.000000E+00    7.000000E+00    2.000000E+00
        65    0    9.000000E+00    7.000000E+00    2.000000E+00
        66    0    5.000000E+00    8.000000E+00    2.000000E+00
        67    0    6.000000E+00    8.000000E+00    2.000000E+00
        68    0    7.000000E+00    8.000000E+00    2.000000E+00
        69    0    8.000000E+00    8.000000E+00    2.000000E+00
        70    0    9.000000E+00    8.000000E+00    2.000000E+00
        71    0    5.000000E+00    9.000000E+00    2.000000E+00
        72    0    6.000000E+00    9.000000E+00    2.000000E+00
        73    0    7.000000E+00    9.000000E+00    2.000000E+00
        74    0    8.000000E+00    9.000000E+00    2.000000E+00
        75    0    9.000000E+00    9.000000E+00    2.000000E+00
        76    0    5.000000E+00    5.000000E+00    3.000000E+00
        77    0    6.000000E+00    5.000000E+00    3.000000E+00
        78    0    7.000000E+00    5.000000E+00    3.000000E+00
        79    0    8.000000E+00    5.000000E+00    3.000000E+00
        80    0    9.000000E+00    5.000000E+00    3.000000E+00
        81    0    5.000000E+00    6.000000E+00    3.000000E+00
        82    0    6.000000E+00    6.000000E+00    3.000000E+00
        83    0    7.000000E+00    6.000000E+00    3.000000E+00
        84    0    8.000000E+00    6.000000E+00    3.000000E+00
        85    0    9.000000E+00    6.000000E+00    3.000000E+00
        86    0    5.000000E+00    7.000000E+00    3.000000E+00
        87    0    6.000000E+00    7.000000E+00    3.000000E+00
        88    0    7.000000E+00    7.000000E+00    3.000000E+00
        89    0    8.000000E+00    7.000000E+00    3.000000E+00
        90    0    9.000000E+00    7.000000E+00    3.000000E+00
        91    0    5.000000E+00    8.000000E+00    3.000000E+00
        92    0    6.000000E+00    8.000000E+00    3.000000E+00
        93    0    7.000000E+00    8.000000E+00    3.000000E+00
        94    0    8.000000E+00    8.000000E+00    3.000000E+00
        95    0    9.000000E+00    8.000000E+00    3.000000E+00
        96    0    5.000000E+00    9.000000E+00    3.000000E+00
        97    0    6.000000E+00    9.000000E+00    3.000000E+00
        98    0    7.000000E+00    9.000000E+00    3.000000E+00
        99    0    8.000000E+00    9.000000E+00    3.000000E+00
       100    0    9.000000E+00    9.000000E+00    3.000000E+00
       101    0    5.000000E+00    5.000000E+00    4.000000E+00
       102    0    6.000000E+00    5.000000E+00    4.000000E+00
       103    0    7.000000E+00    5.000000E+00    4.000000E+00
       104    0    8.000000E+00    5.000000E+00    4.000000E+00
       105    0    9.000000E+00    5.000000E+00    4.000000E+00
       106    0    5.000000E+00    6.000000E+00    4.000000E+00
       107    0    6.000000E+00    6.000000E+00    4.000000E+00
       108    0    7.000000E+00    6.000000E+00    4.000000E+00
       109    0    8.000000E+00    6.000000E+00    4.000000E+00
       110    0    9.000000E+00    6.000000E+00    4.000000E+00
       111    0    5.000000E+00    7.000000E+00    4.000000E+00
       112    0    6.000000E+00    7.000000E+00    4.000000E+00
       113    0    7.000000E+00    7.000000E+00    4.000000E+00
       114    0    8.000000E+00    7.000000E+00    4.000000E+00
       115    0    9.000000E+00    7.000000E+00    4.000000E+00
       116    0    5.000000E+00    8.000000E+00    4.000000E+00
       117    0    6.000000E+00    8.000000E+00    4.000000E+00
       118    0    7.000000E+00    8.000000E+00    4.000000E+00
       119    0    8.000000E+00    8.000000E+00    4.000000E+00
       120    0    9.000000E+00    8.000000E+00    4.000000E+00
       121    0    5.000000E+00    9.000000E+00    4.000000E+00
       122    0    6.000000E+00    9.000000E+00    4.000000E+00
       123    0    7.000000E+00    9.000000E+00    4.000000E+00
       124    0    8.000000E+00    9.000000E+00    4.000000E+00
       125    0    9.000000E+00    9.000000E+00    4.000000E+00
       126    0    5.000000E+00    5.000000E+00    5.000000E+00
       127    0    6.000000E+00    5.000000E+00    5.000000E+00
       128    0    7.000000E+00    5.000000E+00    5.000000E+00
       129    0    8.000000E+00    5.000000E+00    5.000000E+00
       130    0    9.000000E+00    5.000000E+00    5.000000E+00
       131    0    5.000000E+00    6.000000E+00    5.000000E+00
       132    0    6.000000E+00    6.000000E+00    5.000000E+00
       133    0    7.000000E+00    6.000000E+00    5.000000E+00
       134    0    8.000000E+00    6.000000E+00    5.000000E+00
       135    0    9.000000E+00    6.000000E+00    5.000000E+00
       136    0    5.000000E+00    7.000000E+00    5.000000E+00
       137    0    6.000000E+00    7.000000E+00    5.000000E+00
       138    0    7.000000E+00    7.000000E+00    5.000000E+00
       139    0    8.000000E+00    7.000000E+00    5.000000E+00
       140    0    9.000000E+00    7.000000E+00    5.000000E+00
       141    0    5.000000E+00    8.000000E+00    5.000000E+00
       142    0    6.000000E+00    8.000000E+00    5.000000E+00
       143    0    7.000000E+00    8.000000E+00    5.000000E+00
       144    0    8.000000E+00    8.000000E+00    5.000000E+00
       145    0    9.000000E+00    8.000000E+00    5.000000E+00
       146    0    5.000000E+00    9.000000E+00    5.000000E+00
       147    0    6.000000E+00    9.000000E+00    5.000000E+00
       148    0    7.000000E+00    9.000000E+00    5.000000E+00
       149    0    8.000000E+00    9.000000E+00    5.000000E+00
       150    0    9.000000E+00    9.000000E+00    5.000000E+00
       151    0    5.000000E+00    5.000000E+00    6.000000E+00
       152    0    6.000000E+00    5.000000E+00    6.000000E+00
       153    0    7.000000E+00    5.000000E+00    6.000000E+00
       154    0    8.000000E+00    5.000000E+00    6.000000E+00
       155    0    9.000000E+00    5.000000E+00    6.000000E+00
       156    0    5.000000E+00    6.000000E+00    6.000000E+00
       157    0    6.000000E+00    6.000000E+00    6.000000E+00
       158    0    7.000000E+00    6.000000E+00    6.000000E+00
       159    0    8.000000E+00    6.000000E+00    6.000000E+00
       160    0    9.000000E+00    6.000000E+00    6.000000E+00
       161    0    5.000000E+00    7.000000E+00    6.000000E+00
       162    0    6.000000E+00    7.000000E+00    6.000000E+00
       163    0    7.000000E+00    7.000000E+00    6.000000E+00
       164    0    8.000000E+00    7.000000E+00    6.000000E+00
       165    0    9.000000E+00    7.000000E+00    6.000000E+00
       166    0    5.000000E+00    8.000000E+00    6.000000E+00
       167    0    6.000000E+00    8.000000E+00    6.000000E+00
       168    0    7.000000E+00    8.000000E+00    6.000000E+00
       169    0    8.000000E+00    8.000000E+00    6.000000E+00
       170    0    9.000000E+00    8.000000E+00    6.000000E+00
       171    0    5.000000E+00    9.000000E+00    6.000000E+00
       172    0    6.000000E+00    9.000000E+00    6.000000E+00
       173    0    7.000000E+00    9.000000E+00    6.000000E+00
       174    0    8.000000E+00    9.000000E+00    6.000000E+00
       175    0    9.000000E+00    9.000000E+00    6.000000E+00
       176    0    5.000000E+00    5.000000E+00    7.000000E+00
       177    0    6.000000E+00    5.000000E+00    7.000000E+00
       178    0    7.000000E+00    5.000000E+00    7.000000E+00
       179    0    8.000000E+00    5.000000E+00    7.000000E+00
       180    0    9.000000E+00    5.000000E+00    7.000000E+00
       181    0    5.000000E+00    6.000000E+00    7.000000E+00
       182    0    6.000000E+00    6.000000E+00    7.000000E+00
       183    0    7.000000E+00    6.000000E+00    7.000000E+00
       184    0    8.000000E+00    6.000000E+00    7.000000E+00
       185    0    9.000000E+00    6.000000E+00    7.000000E+00
       186    0    5.000000E+00    7.000000E+00    7.000000E+00
       187    0    6.000000E+00    7.000000E+00    7.000000E+00
       188    0    7.000000E+00    7.000000E+00    7.000000E+00
       189    0    8.000000E+00    7.000000E+00    7.000000E+00
       190    0    9.000000E+00    7.000000E+00    7.000000E+00
       191    0    5.000000E+00    8.000000E+00    7.000000E+00
       192    0    6.000000E+00    8.000000E+00    7.000000E+00
       193    0    7.000000E+00    8.000000E+00    7.000000E+00
       194    0    8.000000E+00    8.000000E+00    7.000000E+00
       195    0    9.000000E+00    8.000000E+00    7.000000E+00
       196    0    5.000000E+00    9.000000E+00    7.000000E+00
       197    0    6.000000E+00    9.000000E+00    7.000000E+00
       198    0    7.000000E+00    9.000000E+00    7.000000E+00
       199    0    8.000000E+00    9.000000E+00    7.000000E+00
       200    0    9.000000E+00    9.000000E+00    7.000000E+00
       201    0    5.000000E+00    5.000000E+00    8.000000E+00
       202    0    6.000000E+00    5.000000E+00    8.000000E+00
       203    0    7.000000E+00    5.000000E+00    8.000000E+00
       204    0    8.000000E+00    5.000000E+00    8.000000E+00
       205    0    9.000000E+00    5.000000E+00    8.000000E+00
       206    0    5.000000E+00    6.000000E+00    8.000000E+00
       207    0    6.000000E+00    6.000000E+00    8.000000E+00
       208    0    7.000000E+00    6.000000E+00    8.000000E+00
       209    0    8.000000E+00    6.000000E+00    8.000000E+00
       210    0    9.000000E+00    6.000000E+00    8.000000E+00
       211    0    5.000000E+00    7.000000E+00    8.000000E+00
       212    0    6.000000E+00    7.000000E+00    8.000000E+00
       213    0    7.000000E+00    7.000000E+00    8.000000E+00
       214    0    8.000000E+00    7.000000E+00    8.000000E+00
       215    0    9.000000E+00    7.000000E+00    8.000000E+00
       216    0    5.000000E+00    8.000000E+00    8.000000E+00
       217    0    6.000000E+00    8.000000E+00    8.000000E+00
       218    0    7.000000E+00    8.000000E+00    8.000000E+00
       219    0    8.000000E+00    8.000000E+00    8.000000E+00
       220    0    9.000000E+00    8.000000E+00    8.000000E+00
       221    0    5.000000E+00    9.000000E+00    8.000000E+00
       222    0    6.000000E+00    9.000000E+00    8.000000E+00
       223    0    7.000000E+00    9.000000E+00    8.000000E+00
       224    0    8.000000E+00    9.000000E+00    8.000000E+00
       225    0    9.000000E+00    9.000000E+00    8.000000E+00
       226    0    5.000000E+00    5.000000E+00    9.000000E+00
       227    0    6.000000E+00    5.000000E+00    9.000000E+00
       228    0    7.000000E+00    5.000000E+00    9.000000E+00
       229    0    8.000000E+00    5.000000E+00    9.000000E+00
       230    0    9.000000E+00    5.000000E+00    9.000000E+00
       231    0    5.000000E+00    6.000000E+00    9.000000E+00
       232    0    6.000000E+00    6.000000E+00    9.000000E+00
       233    0    7.000000E+00    6.000000E+00    9.000000E+00
       234    0    8.000000E+00    6.000000E+00    9.000000E+00
       235    0    9.000000E+00    6.000000E+00    9.000000E+00
       236    0    5.000000E+00    7.000000E+00    9.000000E+00
       237    0    6.000000E+00    7.000000E+00    9.000000E+00
       238    0    7.000000E+00    7.000000E+00    9.000000E+00
       239    0    8.000000E+00    7.000000E+00    9.000000E+00
       240    0    9.000000E+00    7.000000E+00    9.000000E+00
       241    0    5.000000E+00    8.000000E+00    9.000000E+00
       242    0    6.000000E+00    8.000000E+00    9.000000E+00
       243    0    7.000000E+00    8.000000E+00    9.000000E+00
       244    0    8.000000E+00    8.000000E+00    9.000000E+00
       245    0    9.000000E+00    8.000000E+00    9.000000E+00
       246    0    5.000000E+00    9.000000E+00    9.000000E+00
       247    0    6.000000E+00    9.000000E+00    9.000000E+00
       248    0    7.000000E+00    9.000000E+00    9.000000E+00
       249    0    8.000000E+00    9.000000E+00    9.000000E+00
       250    0    9.000000E+00    9.000000E+00    9.000000E+00
        25    3    4.000000E+00    4.000000E+00    0.000000E+00
        21    2    5.000000E+00    4.000000E+00    0.000000E+00
         5    1    4.000000E+00    5.000000E+00    0.000000E+00
        50    3    4.000000E+00    4.000000E+00    1.000000E+00
        46    2    5.000000E+00    4.000000E+00    1.000000E+00
        30    1    4.000000E+00    5.000000E+00    1.000000E+00
        22    2    6.000000E+00    4.000000E+00    0.000000E+00
        47    2    6.000000E+00    4.000000E+00    1.000000E+00
        23    2    7.000000E+00    4.000000E+00    0.000000E+00
        48    2    7.000000E+00    4.000000E+00    1.000000E+00
        24    2    8.000000E+00    4.000000E+00    0.000000E+00
        49    2    8.000000E+00    4.000000E+00    1.000000E+00
        25    2    9.000000E+00    4.000000E+00    0.000000E+00
        50    2    9.000000E+00    4.000000E+00    1.000000E+00
        10    1    4.000000E+00    6.000000E+00    0.000000E+00
        35    1    4.000000E+00    6.000000E+00    1.000000E+00
        15    1    4.000000E+00    7.000000E+00    0.000000E+00
        40    1    4.000000E+00    7.000000E+00    1.000000E+00
        20    1    4.000000E+00    8.000000E+00    0.000000E+00
        45    1    4.000000E+00    8.000000E+00    1.000000E+00
        25    1    4.000000E+00    9.000000E+00    0.000000E+00
        50    1    4.000000E+00    9.000000E+00    1.000000E+00
        75    3    4.000000E+00    4.000000E+00    2.000000E+00
        71    2    5.000000E+00    4.000000E+00    2.000000E+00
        55    1    4.000000E+00    5.000000E+00    2.000000E+00
        72    2    6.000000E+00    4.000000E+00    2.000000E+00
        73    2    7.000000E+00    4.000000E+00    2.000000E+00
        74    2    8.000000E+00    4.000000E+00    2.000000E+00
        75    2    9.000000E+00    4.000000E+00    2.000000E+00
        60    1    4.000000E+00    6.000000E+00    2.000000E+00
        65    1    4.000000E+00    7.000000E+00    2.000000E+00
        70    1    4.000000E+00    8.000000E+00    2.000000E+00
        75    1    4.000000E+00    9.000000E+00    2.000000E+00
       100    3    4.000000E+00    4.000000E+00    3.000000E+00
        96    2    5.000000E+00    4.000000E+00    3.000000E+00
        80    1    4.000000E+00    5.000000E+00    3.000000E+00
        97    2    6.000000E+00    4.000000E+00    3.000000E+00
        98    2    7.000000E+00    4.000000E+00    3.000000E+00
        99    2    8.000000E+00    4.000000E+00    3.000000E+00
       100    2    9.000000E+00    4.000000E+00    3.000000E+00
        85    1    4.000000E+00    6.000000E+00    3.000000E+00
        90    1    4.000000E+00    7.000000E+00    3.000000E+00
        95    1    4.000000E+00    8.000000E+00    3.000000E+00
       100    1    4.000000E+00    9.000000E+00    3.000000E+00
       125    3    4.000000E+00    4.000000E+00    4.000000E+00
       121    2    5.000000E+00    4.000000E+00    4.000000E+00
       105    1    4.000000E+00    5.000000E+00    4.000000E+00
       122    2    6.000000E+00    4.000000E+00    4.000000E+00
       123    2    7.000000E+00    4.000000E+00    4.000000E+00
       124    2    8.000000E+00    4.000000E+00    4.000000E+00
       125    2    9.000000E+00    4.000000E+00    4.000000E+00
       110    1    4.000000E+00    6.000000E+00    4.000000E+00
       115    1    4.000000E+00    7.000000E+00    4.000000E+00
       120    1    4.000000E+00    8.000000E+00    4.000000E+00
       125    1    4.000000E+00    9.000000E+00    4.000000E+00
       150    3    4.000000E+00    4.000000E+00    5.000000E+00
       146    2    5.000000E+00    4.000000E+00    5.000000E+00
       130    1    4.000000E+00    5.000000E+00    5.000000E+00
       147    2    6.000000E+00    4.000000E+00    5.000000E+00
       148    2    7.000000E+00    4.000000E+00    5.000000E+00
       149    2    8.000000E+00    4.000000E+00    5.000000E+00
       150    2    9.000000E+00    4.000000E+00    5.000000E+00
       135    1    4.000000E+00    6.000000E+00    5.000000E+00
       140    1    4.000000E+00    7.000000E+00    5.000000E+00
       145    1    4.000000E+00    8.000000E+00    5.000000E+00
       150    1    4.000000E+00    9.000000E+00    5.000000E+00
       175    3    4.000000E+00    4.000000E+00    6.000000E+00
       171    2    5.000000E+00    4.000000E+00    6.000000E+00
       155    1    4.000000E+00    5.000000E+00    6.000000E+00
       172    2    6.000000E+00    4.000000E+00    6.000000E+00
       173    2    7.000000E+00    4.000000E+00    6.000000E+00
       174    2    8.000000E+00    4.000000E+00    6.000000E+00
       175    2    9.000000E+00    4.000000E+00    6.000000E+00
       160    1    4.000000E+00    6.000000E+00    6.000000E+00
       165    1    4.000000E+00    7.000000E+00    6.000000E+00
       170    1    4.000000E+00    8.000000E+00    6.000000E+00
       175    1    4.000000E+00    9.000000E+00    6.000000E+00
       200    3    4.000000E+00    4.000000E+00    7.000000E+00
       196    2    5.000000E+00    4.000000E+00    7.000000E+00
       180    1    4.000000E+00    5.000000E+00    7.000000E+00
       197    2    6.000000E+00    4.000000E+00    7.000000E+00
       198    2    7.000000E+00    4.000000E+00    7.000000E+00
       199    2    8.000000E+00    4.000000E+00    7.000000E+00
       200    2    9.000000E+00    4.000000E+00    7.000000E+00
       185    1    4.000000E+00    6.000000E+00    7.000000E+00
       190    1    4.000000E+00    7.000000E+00    7.000000E+00
       195    1    4.000000E+00    8.000000E+00    7.000000E+00
       200    1    4.000000E+00    9.000000E+00    7.000000E+00
       225    3    4.000000E+00    4.000000E+00    8.000000E+00
       221    2    5.000000E+00    4.000000E+00    8.000000E+00
       205    1    4.000000E+00    5.000000E+00    8.000000E+00
       222    2    6.000000E+00    4.000000E+00    8.000000E+00
       223    2    7.000000E+00    4.000000E+00    8.000000E+00
       224    2    8.000000E+00    4.000000E+00    8.000000E+00
       225    2    9.000000E+00    4.000000E+00    8.000000E+00
       210    1    4.000000E+00    6.000000E+00    8.000000E+00
       215    1    4.000000E+00    7.000000E+00    8.000000E+00
       220    1    4.000000E+00    8.000000E+00    8.000000E+00
       225    1    4.000000E+00    9.000000E+00    8.000000E+00
       250    3    4.000000E+00    4.000000E+00    9.000000E+00
       246    2    5.000000E+00    4.000000E+00    9.000000E+00
       230    1    4.000000E+00    5.000000E+00    9.000000E+00
       247    2    6.000000E+00    4.000000E+00    9.000000E+00
       248    2    7.000000E+00    4.000000E+00    9.000000E+00
       249    2    8.000000E+00    4.000000E+00    9.000000E+00
       250    2    9.000000E+00    4.000000E+00    9.000000E+00
       235    1    4.000000E+00    6.000000E+00    9.000000E+00
       240    1    4.000000E+00    7.000000E+00    9.000000E+00
       245    1    4.000000E+00    8.000000E+00    9.000000E+00
       250    1    4.000000E+00    9.000000E+00    9.000000E+00
       225       225
       361       361       361       361       361       361       361       361       361       361
       361       361       361       361       361       361       361       361       361       361
       361       361       361       361       361       361       361       361       361       361
       361       361       361       361       361       361       361       361       361       361
       361       361       361       361       361       361       361       361       361       361
       361       361       361       361       361       361       361       361       361       361
       361       361       361       361       361       361       361       361       361       361
       361       361       361       361       361       361       361       361       361       361
       361       361       361       361       361       361       361       361       361       361
       361       361       361       361       361       361       361       361       361       361
       361       361       361       361       361       361       361       361       361       361
       361       361       361       361       361       361       361       361       361       361
       361       361       361       361       361       361       361       361       361       361
       361       361       361       361       361       361       361       361       361       361
       361       361       361       361       361       361       361       361       361       361
       361       361       361       361       361       361       361       361       361       361
       361       361       361       361       361       361       361       361       361       361
       361       361       361       361       361       361       361       361       361       361
       361       361       361       361       361       361       361       361       361       361
       361       361       361       361       361       361       361       361       361       361
       361       361       361       361       361       361       361       361       361       361
       361       361       361       361       361       361       361       361       361       361
       361       361       361       361       361
         1    0    1       251       252         1       253       254       255        26       256
         2    0    1       252       257         2         1       255       258        27        26
         3    0    1       257       259         3         2       258       260        28        27
         4    0    1       259       261         4         3       260       262        29        28
         5    0    1       261       263         5         4       262       264        30        29
         6    0    1       253         1         6       265       256        26        31       266
         7    0    1         1         2         7         6        26        27        32        31
         8    0    1         2         3         8         7        27        28        33        32
         9    0    1         3         4         9         8        28        29        34        33
        10    0    1         4         5        10         9        29        30        35        34
        11    0    1       265         6        11       267       266        31        36       268
        12    0    1         6         7        12        11        31        32        37        36
        13    0    1         7         8        13        12        32        33        38        37
        14    0    1         8         9        14        13        33        34        39        38
        15    0    1         9        10        15        14        34        35        40        39
        16    0    1       267        11        16       269       268        36        41       270
        17    0    1        11        12        17        16        36        37        42        41
        18    0    1        12        13        18        17        37        38        43        42
        19    0    1        13        14        19        18        38        39        44        43
        20    0    1        14        15        20        19        39        40        45        44
        21    0    1       269        16        21       271       270        41        46       272
        22    0    1        16        17        22        21        41        42        47        46
        23    0    1        17        18        23        22        42        43        48        47
        24    0    1        18        19        24        23        43        44        49        48
        25    0    1        19        20        25        24        44        45        50        49
        26    0    1       254       255        26       256       273       274        51       275
        27    0    1       255       258        27        26       274       276        52        51
        28    0    1       258       260        28        27       276       277        53        52
        29    0    1       260       262        29        28       277       278        54        53
        30    0    1       262       264        30        29       278       279        55        54
        31    0    1       256        26        31       266       275        51        56       280
        32    0    1        26        27        32        31        51        52        57        56
        33    0    1        27        28        33        32        52        53        58        57
        34    0    1        28        29        34        33        53        54        59        58
        35    0    1        29        30        35        34        54        55        60        59
        36    0    1       266        31        36       268       280        56        61       281
        37    0    1        31        32        37        36        56        57        62        61
        38    0    1        32        33        38        37        57        58        63        62
        39    0    1        33        34        39        38        58        59        64        63
        40    0    1        34        35        40        39        59        60        65        64
        41    0    1       268        36        41       270       281        61        66       282
        42    0    1        36        37        42        41        61        62        67        66
        43    0    1        37        38        43        42        62        63        68        67
        44    0    1        38        39        44        43        63        64        69        68
        45    0    1        39        40        45        44        64        65        70        69
        46    0    1       270        41        46       272       282        66        71       283
        47    0    1        41        42        47        46        66        67        72        71
        48    0    1        42        43        48        47        67        68        73        72
        49    0    1        43        44        49        48        68        69        74        73
        50    0    1        44        45        50        49        69        70        75        74
        51    0    1       273       274        51       275       284       285        76       286
        52    0    1       274       276        52        51       285       287        77        76
        53    0    1       276       277        53        52       287       288        78        77
        54    0    1       277       278        54        53       288       289        79        78
        55    0    1       278       279        55        54       289       290        80        79
        56    0    1       275        51        56       280       286        76        81       291
        57    0    1        51        52        57        56        76        77        82        81
        58    0    1        52        53        58        57        77        78        83        82
        59    0    1        53        54        59        58        78        79        84        83
        60    0    1        54        55        60        59        79        80        85        84
        61    0    1       280        56        61       281       291        81        86       292
        62    0    1        56        57        62        61        81        82        87        86
        63    0    1        57        58        63        62        82        83        88        87
        64    0    1        58        59        64        63        83        84        89        88
        65    0    1        59        60        65        64        84        85        90        89
        66    0    1       281        61        66       282       292        86        91       293
        67    0    1        61        62        67        66        86        87        92        91
        68    0    1        62        63        68        67        87        88        93        92
        69    0    1        63        64        69        68        88        89        94        93
        70    0    1        64        65        70        69        89        90        95        94
        71    0    1       282        66        71       283       293        91        96       294
        72    0    1        66        67        72        71        91        92        97        96
        73    0    1        67        68        73        72        92        93        98        97
        74    0    1        68        69        74        73        93        94        99        98
        75    0    1        69        70        75        74        94        95       100        99
        76    0    1       284       285        76       286       295       296       101       297
        77    0    1       285       287        77        76       296       298       102       101
        78    0    1       287       288        78        77       298       299       103       102
        79    0    1       288       289        79        78       299       300       104       103
        80    0    1       289       290        80        79       300       301       105       104
        81    0    1       286        76        81       291       297       101       106       302
        82    0    1        76        77        82        81       101       102       107       106
        83    0    1        77        78        83        82       102       103       108       107
        84    0    1        78        79        84        83       103       104       109       108
        85    0    1        79        80        85        84       104       105       110       109
        86    0    1       291        81        86       292       302       106       111       303
        87    0    1        81        82        87        86       106       107       112       111
        88    0    1        82        83        88        87       107       108       113       112
        89    0    1        83        84        89        88       108       109       114       113
        90    0    1        84        85        90        89       109       110       115       114
        91    0    1       292        86        91       293       303       111       116       304
        92    0    1        86        87        92        91       111       112       117       116
        93    0    1        87        88        93        92       112       113       118       117
        94    0    1        88        89        94        93       113       114       119       118
        95    0    1        89        90        95        94       114       115       120       119
        96    0    1       293        91        96       294       304       116       121       305
        97    0    1        91        92        97        96       116       117       122       121
        98    0    1        92        93        98        97       117       118       123       122
        99    0    1        93        94        99        98       118       119       124       123
       100    0    1        94        95       100        99       119       120       125       124
       101    0    1       295       296       101       297       306       307       126       308
       102    0    1       296       298       102       101       307       309       127       126
       103    0    1       298       299       103       102       309       310       128       127
       104    0    1       299       300       104       103       310       311       129       128
       105    0    1       300       301       105       104       311       312       130       129
       106    0    1       297       101       106       302       308       126       131       313
       107    0    1       101       102       107       106       126       127       132       131
       108    0    1       102       103       108       107       127       128       133       132
       109    0    1       103       104       109       108       128       129       134       133
       110    0    1       104       105       110       109       129       130       135       134
       111    0    1       302       106       111       303       313       131       136       314
       112    0    1       106       107       112       111       131       132       137       136
       113    0    1       107       108       113       112       132       133       138       137
       114    0    1       108       109       114       113       133       134       139       138
       115    0    1       109       110       115       114       134       135       140       139
       116    0    1       303       111       116       304       314       136       141       315
       117    0    1       111       112       117       116       136       137       142       141
       118    0    1       112       113       118       117       137       138       143       142
       119    0    1       113       114       119       118       138       139       144       143
       120    0    1       114       115       120       119       139       140       145       144
       121    0    1       304       116       121       305       315       141       146       316
       122    0    1       116       117       122       121       141       142       147       146
       123    0    1       117       118       123       122       142       143       148       147
       124    0    1       118       119       124       123       143       144       149       148
       125    0    1       119       120       125       124       144       145       150       149
       126    0    1       306       307       126       308       317       318       151       319
       127    0    1       307       309       127       126       318       320       152       151
       128    0    1       309       310       128       127       320       321       153       152
       129    0    1       310       311       129       128       321       322       154       153
       130    0    1       311       312       130       129       322       323       155       154
       131    0    1       308       126       131       313       319       151       156       324
       132    0    1       126       127       132       131       151       152       157       156
       133    0    1       127       128       133       132       152       153       158       157
       134    0    1       128       129       134       133       153       154       159       158
       135    0    1       129       130       135       134       154       155       160       159
       136    0    1       313       131       136       314       324       156       161       325
       137    0    1       131       132       137       136       156       157       162       161
       138    0    1       132       133       138       137       157       158       163       162
       139    0    1       133       134       139       138       158       159       164       163
       140    0    1       134       135       140       139       159       160       165       164
       141    0    1       314       136       141       315       325       161       166       326
       142    0    1       136       137       142       141       161       162       167       166
       143    0    1       137       138       143       142       162       163       168       167
       144    0    1       138       139       144       143       163       164       169       168
       145    0    1       139       140       145       144       164       165       170       169
       146    0    1       315       141       146       316       326       166       171       327
       147    0    1       141       142       147       146       166       167       172       171
       148    0    1       142       143       148       147       167       168       173       172
       149    0    1       143       144       149       148       168       169       174       173
       150    0    1       144       145       150       149       169       170       175       174
       151    0    1       317       318       151       319       328       329       176       330
       152    0    1       318       320       152       151       329       331       177       176
       153    0    1       320       321       153       152       331       332       178       177
       154    0    1       321       322       154       153       332       333       179       178
       155    0    1       322       323       155       154       333       334       180       179
       156    0    1       319       151       156       324       330       176       181       335
       157    0    1       151       152       157       156       176       177       182       181
       158    0    1       152       153       158       157       177       178       183       182
       159    0    1       153       154       159       158       178       179       184       183
       160    0    1       154       155       160       159       179       180       185       184
       161    0    1       324       156       161       325       335       181       186       336
       162    0    1       156       157       162       161       181       182       187       186
       163    0    1       157       158       163       162       182       183       188       187
       164    0    1       158       159       164       163       183       184       189       188
       165    0    1       159       160       165       164       184       185       190       189
       166    0    1       325       161       166       326       336       186       191       337
       167    0    1       161       162       167       166       186       187       192       191
       168    0    1       162       163       168       167       187       188       193       192
       169    0    1       163       164       169       168       188       189       194       193
       170    0    1       164       165       170       169       189       190       195       194
       171    0    1       326       166       171       327       337       191       196       338
       172    0    1       166       167       172       171       191       192       197       196
       173    0    1       167       168       173       172       192       193       198       197
       174    0    1       168       169       174       173       193       194       199       198
       175    0    1       169       170       175       174       194       195       200       199
       176    0    1       328       329       176       330       339       340       201       341
       177    0    1       329       331       177       176       340       342       202       201
       178    0    1       331       332       178       177       342       343       203       202
       179    0    1       332       333       179       178       343       344       204       203
       180    0    1       333       334       180       179       344       345       205       204
       181    0    1       330       176       181       335       341       201       206       346
       182    0    1       176       177       182       181       201       202       207       206
       183    0    1       177       178       183       182       202       203       208       207
       184    0    1       178       179       184       183       203       204       209       208
       185    0    1       179       180       185       184       204       205       210       209
       186    0    1       335       181       186       336       346       206       211       347
       187    0    1       181       182       187       186       206       207       212       211
       188    0    1       182       183       188       187       207       208       213       212
       189    0    1       183       184       189       188       208       209       214       213
       190    0    1       184       185       190       189       209       210       215       214
       191    0    1       336       186       191       337       347       211       216       348
       192    0    1       186       187       192       191       211       212       217       216
       193    0    1       187       188       193       192       212       213       218       217
       194    0    1       188       189       194       193       213       214       219       218
       195    0    1       189       190       195       194       214       215       220       219
       196    0    1       337       191       196       338       348       216       221       349
       197    0    1       191       192       197       196       216       217       222       221
       198    0    1       192       193       198       197       217       218       223       222
       199    0    1       193       194       199       198       218       219       224       223
       200    0    1       194       195       200       199       219       220       225       224
       201    0    1       339       340       201       341       350       351       226       352
       202    0    1       340       342       202       201       351       353       227       226
       203    0    1       342       343       203       202       353       354       228       227
       204    0    1       343       344       204       203       354       355       229       228
       205    0    1       344       345       205       204       355       356       230       229
       206    0    1       341       201       206       346       352       226       231       357
       207    0    1       201       202       207       206       226       227       232       231
       208    0    1       202       203       208       207       227       228       233       232
       209    0    1       203       204       209       208       228       229       234       233
       210    0    1       204       205       210       209       229       230       235       234
       211    0    1       346       206       211       347       357       231       236       358
       212    0    1       206       207       212       211       231       232       237       236
       213    0    1       207       208       213       212       232       233       238       237
       214    0    1       208       209       214       213       233       234       239       238
       215    0    1       209       210       215       214       234       235       240       239
       216    0    1       347       211       216       348       358       236       241       359
       217    0    1       211       212       217       216       236       237       242       241
       218    0    1       212       213       218       217       237       238       243       242
       219    0    1       213       214       219       218       238       239       244       243
       220    0    1       214       215       220       219       239       240       245       244
       221    0    1       348       216       221       349       359       241       246       360
       222    0    1       216       217       222       221       241       242       247       246
       223    0    1       217       218       223       222       242       243       248       247
       224    0    1       218       219       224       223       243       244       249       248
       225    0    1       219       220       225       224       244       245       250       249
         1         2         3         4         5         6         7         8         9        10
        11        12        13        14        15        16        17        18        19        20
        21        22        23        24        25        26        27        28        29        30
        31        32        33        34        35        36        37        38        39        40
        41        42        43        44        45        46        47        48        49        50
        51        52        53        54        55        56        57        58        59        60
        61        62        63        64        65        66        67        68        69        70
        71        72        73        74        75        76        77        78        79        80
        81        82        83        84        85        86        87        88        89        90
        91        92        93        94        95        96        97        98        99       100
       101       102       103       104       105       106       107       108       109       110
       111       112       113       114       115       116       117       118       119       120
       121       122       123       124       125       126       127       128       129       130
       131       132       133       134       135       136       137       138       139       140
       141       142       143       144       145       146       147       148       149       150
       151       152       153       154       155       156       157       158       159       160
       161       162       163       164       165       166       167       168       169       170
       171       172       173       174       175       176       177       178       179       180
       181       182       183       184       185       186       187       188       189       190
       191       192       193       194       195       196       197       198       199       200
       201       202       203       204       205       206       207       208       209       210
       211       212       213       214       215       216       217       218       219       220
       221       222       223       224       225
        10        60       110
       251         3
       254         3
       273         3
       284         3
       295         3
       306         3
       317         3
       328         3
       339         3
       350         3
       252         2
       255         2
       257         2
       258         2
       259         2
       260         2
       261         2
       262         2
       263         2
       264         2
       274         2
       276         2
       277         2
       278         2
       279         2
       285         2
       287         2
       288         2
       289         2
       290         2
       296         2
       298         2
       299         2
       300         2
       301         2
       307         2
       309         2
       310         2
       311         2
       312         2
       318         2
       320         2
       321         2
       322         2
       323         2
       329         2
       331         2
       332         2
       333         2
       334         2
       340         2
       342         2
       343         2
       344         2
       345         2
       351         2
       353         2
       354         2
       355         2
       356         2
       253         1
       256         1
       265         1
       266         1
       267         1
       268         1
       269         1
       270         1
       271         1
       272         1
       275         1
       280         1
       281         1
       282         1
       283         1
       286         1
       291         1
       292         1
       293         1
       294         1
       297         1
       302         1
       303         1
       304         1
       305         1
       308         1
       313         1
       314         1
       315         1
       316         1
       319         1
       324         1
       325         1
       326         1
       327         1
       330         1
       335         1
       336         1
       337         1
       338         1
       341         1
       346         1
       347         1
       348         1
       349         1
       352         1
       357         1
       358         1
       359         1
       360         1
        10        60       110
         1
        26
        51
        76
       101
       126
       151
       176
       201
       226
         1
        26
         2
        27
         3
        28
         4
        29
         5
        30
        51
        52
        53
        54
        55
        76
        77
        78
        79
        80
       101
       102
       103
       104
       105
       126
       127
       128
       129
       130
       151
       152
       153
       154
       155
       176
       177
       178
       179
       180
       201
       202
       203
       204
       205
       226
       227
       228
       229
       230
         1
        26
         6
        31
        11
        36
        16
        41
        21
        46
        51
        56
        61
        66
        71
        76
        81
        86
        91
        96
       101
       106
       111
       116
       121
       126
       131
       136
       141
       146
       151
       156
       161
       166
       171
       176
       181
       186
       191
       196
       201
       206
       211
       216
       221
       226
       231
       236
       241
       246
         4
         0         0        36        72
Xmin                                                            
Ymin                                                            
Zmin                                                            
       251       252       257       259       261       263       253         1         2         3
         4         5       265         6         7         8         9        10       267        11
        12        13        14        15       269        16        17        18        19        20
       271        21        22        23        24        25
Zmax                                                            
       350       351       353       354       355       356       352       226       227       228
       229       230       357       231       232       233       234       235       358       236
       237       238       239       240       359       241       242       243       244       245
       360       246       247       248       249       250
