         0
         3
         3         2         1
       500       333
         1    0    8.000000E+00    5.000000E+00    0.000000E+00
         2    0    9.000000E+00    5.000000E+00    0.000000E+00
         3    0    5.000000E+00    6.000000E+00    0.000000E+00
         4    0    6.000000E+00    6.000000E+00    0.000000E+00
         5    0    7.000000E+00    6.000000E+00    0.000000E+00
         6    0    8.000000E+00    6.000000E+00    0.000000E+00
         7    0    9.000000E+00    6.000000E+00    0.000000E+00
         8    0    1.000000E+01    6.000000E+00    0.000000E+00
         9    0    5.000000E+00    7.000000E+00    0.000000E+00
        10    0    6.000000E+00    7.000000E+00    0.000000E+00
        11    0    7.000000E+00    7.000000E+00    0.000000E+00
        12    0    8.000000E+00    7.000000E+00    0.000000E+00
        13    0    9.000000E+00    7.000000E+00    0.000000E+00
        14    0    1.000000E+01    7.000000E+00    0.000000E+00
        15    0    5.000000E+00    8.000000E+00    0.000000E+00
        16    0    6.000000E+00    8.000000E+00    0.000000E+00
        17    0    7.000000E+00    8.000000E+00    0.000000E+00
        18    0    8.000000E+00    8.000000E+00    0.000000E+00
        19    0    9.000000E+00    8.000000E+00    0.000000E+00
        20    0    1.000000E+01    8.000000E+00    0.000000E+00
        21    0    5.000000E+00    9.000000E+00    0.000000E+00
        22    0    6.000000E+00    9.000000E+00    0.000000E+00
        23    0    7.000000E+00    9.000000E+00    0.000000E+00
        24    0    8.000000E+00    9.000000E+00    0.000000E+00
        25    0    9.000000E+00    9.000000E+00    0.000000E+00
        26    0    1.000000E+01    9.000000E+00    0.000000E+00
        27    0    5.000000E+00    1.000000E+01    0.000000E+00
        28    0    6.000000E+00    1.000000E+01    0.000000E+00
        29    0    7.000000E+00    1.000000E+01    0.000000E+00
        30    0    8.000000E+00    1.000000E+01    0.000000E+00
        31    0    9.000000E+00    1.000000E+01    0.000000E+00
        32    0    1.000000E+01    1.000000E+01    0.000000E+00
        33    0    5.000000E+00    5.000000E+00    1.000000E+00
        34    0    6.000000E+00    5.000000E+00    1.000000E+00
        35    0    7.000000E+00    5.000000E+00    1.000000E+00
        36    0    8.000000E+00    5.000000E+00    1.000000E+00
        37    0    9.000000E+00    5.000000E+00    1.000000E+00
        38    0    1.000000E+01    5.000000E+00    1.000000E+00
        39    0    5.000000E+00    6.000000E+00    1.000000E+00
        40    0    6.000000E+00    6.000000E+00    1.000000E+00
        41    0    7.000000E+00    6.000000E+00    1.000000E+00
        42    0    8.000000E+00    6.000000E+00    1.000000E+00
        43    0    9.000000E+00    6.000000E+00    1.000000E+00
        44    0    1.000000E+01    6.000000E+00    1.000000E+00
        45    0    5.000000E+00    7.000000E+00    1.000000E+00
        46    0    6.000000E+00    7.000000E+00    1.000000E+00
        47    0    7.000000E+00    7.000000E+00    1.000000E+00
        48    0    8.000000E+00    7.000000E+00    1.000000E+00
        49    0    9.000000E+00    7.000000E+00    1.000000E+00
        50    0    1.000000E+01    7.000000E+00    1.000000E+00
        51    0    5.000000E+00    8.000000E+00    1.000000E+00
        52    0    6.000000E+00    8.000000E+00    1.000000E+00
        53    0    7.000000E+00    8.000000E+00    1.000000E+00
        54    0    8.000000E+00    8.000000E+00    1.000000E+00
        55    0    9.000000E+00    8.000000E+00    1.000000E+00
        56    0    1.000000E+01    8.000000E+00    1.000000E+00
        57    0    5.000000E+00    9.000000E+00    1.000000E+00
        58    0    6.000000E+00    9.000000E+00    1.000000E+00
        59    0    7.000000E+00    9.000000E+00    1.000000E+00
        60    0    8.000000E+00    9.000000E+00    1.000000E+00
        61    0    9.000000E+00    9.000000E+00    1.000000E+00
        62    0    1.000000E+01    9.000000E+00    1.000000E+00
        63    0    5.000000E+00    1.000000E+01    1.000000E+00
        64    0    6.000000E+00    1.000000E+01    1.000000E+00
        65    0    7.000000E+00    1.000000E+01    1.000000E+00
        66    0    8.000000E+00    1.000000E+01    1.000000E+00
        67    0    9.000000E+00    1.000000E+01    1.000000E+00
        68    0    1.000000E+01    1.000000E+01    1.000000E+00
        69    0    5.000000E+00    5.000000E+00    2.000000E+00
        70    0    6.000000E+00    5.000000E+00    2.000000E+00
        71    0    7.000000E+00    5.000000E+00    2.000000E+00
        72    0    8.000000E+00    5.000000E+00    2.000000E+00
        73    0    9.000000E+00    5.000000E+00    2.000000E+00
        74    0    1.000000E+01    5.000000E+00    2.000000E+00
        75    0    5.000000E+00    6.000000E+00    2.000000E+00
        76    0    6.000000E+00    6.000000E+00    2.000000E+00
        77    0    7.000000E+00    6.000000E+00    2.000000E+00
        78    0    8.000000E+00    6.000000E+00    2.000000E+00
        79    0    9.000000E+00    6.000000E+00    2.000000E+00
        80    0    1.000000E+01    6.000000E+00    2.000000E+00
        81    0    5.000000E+00    7.000000E+00    2.000000E+00
        82    0    6.000000E+00    7.000000E+00    2.000000E+00
        83    0    7.000000E+00    7.000000E+00    2.000000E+00
        84    0    8.000000E+00    7.000000E+00    2.000000E+00
        85    0    9.000000E+00    7.000000E+00    2.000000E+00
        86    0    1.000000E+01    7.000000E+00    2.000000E+00
        87    0    5.000000E+00    8.000000E+00    2.000000E+00
        88    0    6.000000E+00    8.000000E+00    2.000000E+00
        89    0    7.000000E+00    8.000000E+00    2.000000E+00
        90    0    8.000000E+00    8.000000E+00    2.000000E+00
        91    0    9.000000E+00    8.000000E+00    2.000000E+00
        92    0    1.000000E+01    8.000000E+00    2.000000E+00
        93    0    5.000000E+00    9.000000E+00    2.000000E+00
        94    0    6.000000E+00    9.000000E+00    2.000000E+00
        95    0    7.000000E+00    9.000000E+00    2.000000E+00
        96    0    8.000000E+00    9.000000E+00    2.000000E+00
        97    0    9.000000E+00    9.000000E+00    2.000000E+00
        98    0    1.000000E+01    9.000000E+00    2.000000E+00
        99    0    5.000000E+00    1.000000E+01    2.000000E+00
       100    0    6.000000E+00    1.000000E+01    2.000000E+00
       101    0    7.000000E+00    1.000000E+01    2.000000E+00
       102    0    8.000000E+00    1.000000E+01    2.000000E+00
       103    0    9.000000E+00    1.000000E+01    2.000000E+00
       104    0    1.000000E+01    1.000000E+01    2.000000E+00
       105    0    5.000000E+00    5.000000E+00    3.000000E+00
       106    0    6.000000E+00    5.000000E+00    3.000000E+00
       107    0    8.000000E+00    5.000000E+00    3.000000E+00
       108    0    9.000000E+00    5.000000E+00    3.000000E+00
       109    0    1.000000E+01    5.000000E+00    3.000000E+00
       110    0    5.000000E+00    6.000000E+00    3.000000E+00
       111    0    6.000000E+00    6.000000E+00    3.000000E+00
       112    0    7.000000E+00    6.000000E+00    3.000000E+00
       113    0    8.000000E+00    6.000000E+00    3.000000E+00
       114    0    9.000000E+00    6.000000E+00    3.000000E+00
       115    0    1.000000E+01    6.000000E+00    3.000000E+00
       116    0    5.000000E+00    7.000000E+00    3.000000E+00
       117    0    6.000000E+00    7.000000E+00    3.000000E+00
       118    0    7.000000E+00    7.000000E+00    3.000000E+00
       119    0    8.000000E+00    7.000000E+00    3.000000E+00
       120    0    9.000000E+00    7.000000E+00    3.000000E+00
       121    0    1.000000E+01    7.000000E+00    3.000000E+00
       122    0    5.000000E+00    8.000000E+00    3.000000E+00
       123    0    6.000000E+00    8.000000E+00    3.000000E+00
       124    0    7.000000E+00    8.000000E+00    3.000000E+00
       125    0    8.000000E+00    8.000000E+00    3.000000E+00
       126    0    9.000000E+00    8.000000E+00    3.000000E+00
       127    0    1.000000E+01    8.000000E+00    3.000000E+00
       128    0    5.000000E+00    9.000000E+00    3.000000E+00
       129    0    6.000000E+00    9.000000E+00    3.000000E+00
       130    0    7.000000E+00    9.000000E+00    3.000000E+00
       131    0    8.000000E+00    9.000000E+00    3.000000E+00
       132    0    9.000000E+00    9.000000E+00    3.000000E+00
       133    0    1.000000E+01    9.000000E+00    3.000000E+00
       134    0    5.000000E+00    1.000000E+01    3.000000E+00
       135    0    6.000000E+00    1.000000E+01    3.000000E+00
       136    0    7.000000E+00    1.000000E+01    3.000000E+00
       137    0    8.000000E+00    1.000000E+01    3.000000E+00
       138    0    9.000000E+00    1.000000E+01    3.000000E+00
       139    0    1.000000E+01    1.000000E+01    3.000000E+00
       140    0    5.000000E+00    5.000000E+00    4.000000E+00
       141    0    6.000000E+00    5.000000E+00    4.000000E+00
       142    0    7.000000E+00    5.000000E+00    4.000000E+00
       143    0    8.000000E+00    5.000000E+00    4.000000E+00
       144    0    9.000000E+00    5.000000E+00    4.000000E+00
       145    0    1.000000E+01    5.000000E+00    4.000000E+00
       146    0    5.000000E+00    6.000000E+00    4.000000E+00
       147    0    6.000000E+00    6.000000E+00    4.000000E+00
       148    0    7.000000E+00    6.000000E+00    4.000000E+00
       149    0    8.000000E+00    6.000000E+00    4.000000E+00
       150    0    9.000000E+00    6.000000E+00    4.000000E+00
       151    0    1.000000E+01    6.000000E+00    4.000000E+00
       152    0    5.000000E+00    7.000000E+00    4.000000E+00
       153    0    6.000000E+00    7.000000E+00    4.000000E+00
       154    0    7.000000E+00    7.000000E+00    4.000000E+00
       155    0    8.000000E+00    7.000000E+00    4.000000E+00
       156    0    9.000000E+00    7.000000E+00    4.000000E+00
       157    0    1.000000E+01    7.000000E+00    4.000000E+00
       158    0    5.000000E+00    8.000000E+00    4.000000E+00
       159    0    6.000000E+00    8.000000E+00    4.000000E+00
       160    0    7.000000E+00    8.000000E+00    4.000000E+00
       161    0    8.000000E+00    8.000000E+00    4.000000E+00
       162    0    9.000000E+00    8.000000E+00    4.000000E+00
       163    0    1.000000E+01    8.000000E+00    4.000000E+00
       164    0    5.000000E+00    9.000000E+00    4.000000E+00
       165    0    6.000000E+00    9.000000E+00    4.000000E+00
       166    0    7.000000E+00    9.000000E+00    4.000000E+00
       167    0    8.000000E+00    9.000000E+00    4.000000E+00
       168    0    9.000000E+00    9.000000E+00    4.000000E+00
       169    0    1.000000E+01    9.000000E+00    4.000000E+00
       170    0    5.000000E+00    1.000000E+01    4.000000E+00
       171    0    6.000000E+00    1.000000E+01    4.000000E+00
       172    0    7.000000E+00    1.000000E+01    4.000000E+00
       173    0    8.000000E+00    1.000000E+01    4.000000E+00
       174    0    9.000000E+00    1.000000E+01    4.000000E+00
       175    0    1.000000E+01    1.000000E+01    4.000000E+00
       176    0    6.000000E+00    5.000000E+00    5.000000E+00
       177    0    6.000000E+00    6.000000E+00    5.000000E+00
       178    0    7.000000E+00    6.000000E+00    5.000000E+00
       179    0    8.000000E+00    6.000000E+00    5.000000E+00
       180    0    9.000000E+00    6.000000E+00    5.000000E+00
       181    0    1.000000E+01    6.000000E+00    5.000000E+00
       182    0    6.000000E+00    7.000000E+00    5.000000E+00
       183    0    7.000000E+00    7.000000E+00    5.000000E+00
       184    0    8.000000E+00    7.000000E+00    5.000000E+00
       185    0    9.000000E+00    7.000000E+00    5.000000E+00
       186    0    1.000000E+01    7.000000E+00    5.000000E+00
       187    0    6.000000E+00    8.000000E+00    5.000000E+00
       188    0    7.000000E+00    8.000000E+00    5.000000E+00
       189    0    8.000000E+00    8.000000E+00    5.000000E+00
       190    0    9.000000E+00    8.000000E+00    5.000000E+00
       191    0    1.000000E+01    8.000000E+00    5.000000E+00
       192    0    6.000000E+00    9.000000E+00    5.000000E+00
       193    0    7.000000E+00    9.000000E+00    5.000000E+00
       194    0    8.000000E+00    9.000000E+00    5.000000E+00
       195    0    9.000000E+00    9.000000E+00    5.000000E+00
       196    0    1.000000E+01    9.000000E+00    5.000000E+00
       197    0    6.000000E+00    1.000000E+01    5.000000E+00
       198    0    7.000000E+00    1.000000E+01    5.000000E+00
       199    0    8.000000E+00    1.000000E+01    5.000000E+00
       200    0    9.000000E+00    1.000000E+01    5.000000E+00
       201    0    1.000000E+01    1.000000E+01    5.000000E+00
       202    0    6.000000E+00    6.000000E+00    6.000000E+00
       203    0    7.000000E+00    6.000000E+00    6.000000E+00
       204    0    8.000000E+00    6.000000E+00    6.000000E+00
       205    0    9.000000E+00    6.000000E+00    6.000000E+00
       206    0    1.000000E+01    6.000000E+00    6.000000E+00
       207    0    6.000000E+00    7.000000E+00    6.000000E+00
       208    0    7.000000E+00    7.000000E+00    6.000000E+00
       209    0    8.000000E+00    7.000000E+00    6.000000E+00
       210    0    9.000000E+00    7.000000E+00    6.000000E+00
       211    0    1.000000E+01    7.000000E+00    6.000000E+00
       212    0    6.000000E+00    8.000000E+00    6.000000E+00
       213    0    7.000000E+00    8.000000E+00    6.000000E+00
       214    0    8.000000E+00    8.000000E+00    6.000000E+00
       215    0    9.000000E+00    8.000000E+00    6.000000E+00
       216    0    1.000000E+01    8.000000E+00    6.000000E+00
       217    0    6.000000E+00    9.000000E+00    6.000000E+00
       218    0    7.000000E+00    9.000000E+00    6.000000E+00
       219    0    8.000000E+00    9.000000E+00    6.000000E+00
       220    0    9.000000E+00    9.000000E+00    6.000000E+00
       221    0    1.000000E+01    9.000000E+00    6.000000E+00
       222    0    6.000000E+00    1.000000E+01    6.000000E+00
       223    0    7.000000E+00    1.000000E+01    6.000000E+00
       224    0    8.000000E+00    1.000000E+01    6.000000E+00
       225    0    9.000000E+00    1.000000E+01    6.000000E+00
       226    0    1.000000E+01    1.000000E+01    6.000000E+00
       227    0    7.000000E+00    5.000000E+00    7.000000E+00
       228    0    8.000000E+00    5.000000E+00    7.000000E+00
       229    0    9.000000E+00    5.000000E+00    7.000000E+00
       230    0    1.000000E+01    5.000000E+00    7.000000E+00
       231    0    6.000000E+00    6.000000E+00    7.000000E+00
       232    0    7.000000E+00    6.000000E+00    7.000000E+00
       233    0    8.000000E+00    6.000000E+00    7.000000E+00
       234    0    9.000000E+00    6.000000E+00    7.000000E+00
       235    0    1.000000E+01    6.000000E+00    7.000000E+00
       236    0    6.000000E+00    7.000000E+00    7.000000E+00
       237    0    7.000000E+00    7.000000E+00    7.000000E+00
       238    0    8.000000E+00    7.000000E+00    7.000000E+00
       239    0    9.000000E+00    7.000000E+00    7.000000E+00
       240    0    1.000000E+01    7.000000E+00    7.000000E+00
       241    0    6.000000E+00    8.000000E+00    7.000000E+00
       242    0    7.000000E+00    8.000000E+00    7.000000E+00
       243    0    8.000000E+00    8.000000E+00    7.000000E+00
       244    0    9.000000E+00    8.000000E+00    7.000000E+00
       245    0    1.000000E+01    8.000000E+00    7.000000E+00
       246    0    6.000000E+00    9.000000E+00    7.000000E+00
       247    0    7.000000E+00    9.000000E+00    7.000000E+00
       248    0    8.000000E+00    9.000000E+00    7.000000E+00
       249    0    9.000000E+00    9.000000E+00    7.000000E+00
       250    0    1.000000E+01    9.000000E+00    7.000000E+00
       251    0    6.000000E+00    1.000000E+01    7.000000E+00
       252    0    7.000000E+00    1.000000E+01    7.000000E+00
       253    0    8.000000E+00    1.000000E+01    7.000000E+00
       254    0    9.000000E+00    1.000000E+01    7.000000E+00
       255    0    1.000000E+01    1.000000E+01    7.000000E+00
       256    0    6.000000E+00    6.000000E+00    8.000000E+00
       257    0    7.000000E+00    6.000000E+00    8.000000E+00
       258    0    8.000000E+00    6.000000E+00    8.000000E+00
       259    0    9.000000E+00    6.000000E+00    8.000000E+00
       260    0    1.000000E+01    6.000000E+00    8.000000E+00
       261    0    6.000000E+00    7.000000E+00    8.000000E+00
       262    0    7.000000E+00    7.000000E+00    8.000000E+00
       263    0    8.000000E+00    7.000000E+00    8.000000E+00
       264    0    9.000000E+00    7.000000E+00    8.000000E+00
       265    0    1.000000E+01    7.000000E+00    8.000000E+00
       266    0    6.000000E+00    8.000000E+00    8.000000E+00
       267    0    7.000000E+00    8.000000E+00    8.000000E+00
       268    0    8.000000E+00    8.000000E+00    8.000000E+00
       269    0    9.000000E+00    8.000000E+00    8.000000E+00
       270    0    1.000000E+01    8.000000E+00    8.000000E+00
       271    0    6.000000E+00    9.000000E+00    8.000000E+00
       272    0    7.000000E+00    9.000000E+00    8.000000E+00
       273    0    8.000000E+00    9.000000E+00    8.000000E+00
       274    0    9.000000E+00    9.000000E+00    8.000000E+00
       275    0    1.000000E+01    9.000000E+00    8.000000E+00
       276    0    6.000000E+00    1.000000E+01    8.000000E+00
       277    0    7.000000E+00    1.000000E+01    8.000000E+00
       278    0    8.000000E+00    1.000000E+01    8.000000E+00
       279    0    9.000000E+00    1.000000E+01    8.000000E+00
       280    0    1.000000E+01    1.000000E+01    8.000000E+00
       281    0    6.000000E+00    6.000000E+00    9.000000E+00
       282    0    7.000000E+00    6.000000E+00    9.000000E+00
       283    0    8.000000E+00    6.000000E+00    9.000000E+00
       284    0    9.000000E+00    6.000000E+00    9.000000E+00
       285    0    1.000000E+01    6.000000E+00    9.000000E+00
       286    0    6.000000E+00    7.000000E+00    9.000000E+00
       287    0    7.000000E+00    7.000000E+00    9.000000E+00
       288    0    8.000000E+00    7.000000E+00    9.000000E+00
       289    0    9.000000E+00    7.000000E+00    9.000000E+00
       290    0    1.000000E+01    7.000000E+00    9.000000E+00
       291    0    6.000000E+00    8.000000E+00    9.000000E+00
       292    0    7.000000E+00    8.000000E+00    9.000000E+00
       293    0    8.000000E+00    8.000000E+00    9.000000E+00
       294    0    9.000000E+00    8.000000E+00    9.000000E+00
       295    0    1.000000E+01    8.000000E+00    9.000000E+00
       296    0    6.000000E+00    9.000000E+00    9.000000E+00
       297    0    7.000000E+00    9.000000E+00    9.000000E+00
       298    0    8.000000E+00    9.000000E+00    9.000000E+00
       299    0    9.000000E+00    9.000000E+00    9.000000E+00
       300    0    1.000000E+01    9.000000E+00    9.000000E+00
       301    0    6.000000E+00    1.000000E+01    9.000000E+00
       302    0    7.000000E+00    1.000000E+01    9.000000E+00
       303    0    8.000000E+00    1.000000E+01    9.000000E+00
       304    0    9.000000E+00    1.000000E+01    9.000000E+00
       305    0    1.000000E+01    1.000000E+01    9.000000E+00
       306    0    6.000000E+00    5.000000E+00    1.000000E+01
       307    0    7.000000E+00    5.000000E+00    1.000000E+01
       308    0    8.000000E+00    5.000000E+00    1.000000E+01
       309    0    6.000000E+00    6.000000E+00    1.000000E+01
       310    0    7.000000E+00    6.000000E+00    1.000000E+01
       311    0    8.000000E+00    6.000000E+00    1.000000E+01
       312    0    9.000000E+00    6.000000E+00    1.000000E+01
       313    0    1.000000E+01    6.000000E+00    1.000000E+01
       314    0    6.000000E+00    7.000000E+00    1.000000E+01
       315    0    7.000000E+00    7.000000E+00    1.000000E+01
       316    0    8.000000E+00    7.000000E+00    1.000000E+01
       317    0    9.000000E+00    7.000000E+00    1.000000E+01
       318    0    1.000000E+01    7.000000E+00    1.000000E+01
       319    0    6.000000E+00    8.000000E+00    1.000000E+01
       320    0    7.000000E+00    8.000000E+00    1.000000E+01
       321    0    8.000000E+00    8.000000E+00    1.000000E+01
       322    0    9.000000E+00    8.000000E+00    1.000000E+01
       323    0    1.000000E+01    8.000000E+00    1.000000E+01
       324    0    6.000000E+00    9.000000E+00    1.000000E+01
       325    0    7.000000E+00    9.000000E+00    1.000000E+01
       326    0    8.000000E+00    9.000000E+00    1.000000E+01
       327    0    9.000000E+00    9.000000E+00    1.000000E+01
       328    0    1.000000E+01    9.000000E+00    1.000000E+01
       329    0    6.000000E+00    1.000000E+01    1.000000E+01
       330    0    7.000000E+00    1.000000E+01    1.000000E+01
       331    0    8.000000E+00    1.000000E+01    1.000000E+01
       332    0    9.000000E+00    1.000000E+01    1.000000E+01
       333    0    1.000000E+01    1.000000E+01    1.000000E+01
        25    3    4.000000E+00    4.000000E+00    0.000000E+00
        25    2    5.000000E+00    4.000000E+00    0.000000E+00
        31    2    5.000000E+00    5.000000E+00    0.000000E+00
        29    3    4.000000E+00    5.000000E+00    0.000000E+00
        54    3    4.000000E+00    4.000000E+00    1.000000E+00
        59    2    5.000000E+00    4.000000E+00    1.000000E+00
        31    1    4.000000E+00    5.000000E+00    1.000000E+00
        26    2    6.000000E+00    4.000000E+00    0.000000E+00
        32    2    6.000000E+00    5.000000E+00    0.000000E+00
        60    2    6.000000E+00    4.000000E+00    1.000000E+00
        27    2    7.000000E+00    4.000000E+00    0.000000E+00
        33    2    7.000000E+00    5.000000E+00    0.000000E+00
        61    2    7.000000E+00    4.000000E+00    1.000000E+00
        28    2    8.000000E+00    4.000000E+00    0.000000E+00
        62    2    8.000000E+00    4.000000E+00    1.000000E+00
        29    2    9.000000E+00    4.000000E+00    0.000000E+00
        63    2    9.000000E+00    4.000000E+00    1.000000E+00
        30    2    1.000000E+01    4.000000E+00    0.000000E+00
        34    2    1.000000E+01    5.000000E+00    0.000000E+00
        64    2    1.000000E+01    4.000000E+00    1.000000E+00
         6    1    4.000000E+00    6.000000E+00    0.000000E+00
        36    1    4.000000E+00    6.000000E+00    1.000000E+00
        11    1    4.000000E+00    7.000000E+00    0.000000E+00
        41    1    4.000000E+00    7.000000E+00    1.000000E+00
        16    1    4.000000E+00    8.000000E+00    0.000000E+00
        46    1    4.000000E+00    8.000000E+00    1.000000E+00
        21    1    4.000000E+00    9.000000E+00    0.000000E+00
        51    1    4.000000E+00    9.000000E+00    1.000000E+00
        26    1    4.000000E+00    1.000000E+01    0.000000E+00
        56    1    4.000000E+00    1.000000E+01    1.000000E+00
        79    3    4.000000E+00    4.000000E+00    2.000000E+00
        89    2    5.000000E+00    4.000000E+00    2.000000E+00
        61    1    4.000000E+00    5.000000E+00    2.000000E+00
        90    2    6.000000E+00    4.000000E+00    2.000000E+00
        91    2    7.000000E+00    4.000000E+00    2.000000E+00
        92    2    8.000000E+00    4.000000E+00    2.000000E+00
        93    2    9.000000E+00    4.000000E+00    2.000000E+00
        94    2    1.000000E+01    4.000000E+00    2.000000E+00
        66    1    4.000000E+00    6.000000E+00    2.000000E+00
        71    1    4.000000E+00    7.000000E+00    2.000000E+00
        76    1    4.000000E+00    8.000000E+00    2.000000E+00
        81    1    4.000000E+00    9.000000E+00    2.000000E+00
        86    1    4.000000E+00    1.000000E+01    2.000000E+00
       104    3    4.000000E+00    4.000000E+00    3.000000E+00
       119    2    5.000000E+00    4.000000E+00    3.000000E+00
        91    1    4.000000E+00    5.000000E+00    3.000000E+00
       120    2    6.000000E+00    4.000000E+00    3.000000E+00
       121    2    7.000000E+00    4.000000E+00    3.000000E+00
       125    2    7.000000E+00    5.000000E+00    3.000000E+00
       122    2    8.000000E+00    4.000000E+00    3.000000E+00
       123    2    9.000000E+00    4.000000E+00    3.000000E+00
       124    2    1.000000E+01    4.000000E+00    3.000000E+00
        96    1    4.000000E+00    6.000000E+00    3.000000E+00
       101    1    4.000000E+00    7.000000E+00    3.000000E+00
       106    1    4.000000E+00    8.000000E+00    3.000000E+00
       111    1    4.000000E+00    9.000000E+00    3.000000E+00
       116    1    4.000000E+00    1.000000E+01    3.000000E+00
       129    3    4.000000E+00    4.000000E+00    4.000000E+00
       150    2    5.000000E+00    4.000000E+00    4.000000E+00
       121    1    4.000000E+00    5.000000E+00    4.000000E+00
       151    2    6.000000E+00    4.000000E+00    4.000000E+00
       152    2    7.000000E+00    4.000000E+00    4.000000E+00
       153    2    8.000000E+00    4.000000E+00    4.000000E+00
       154    2    9.000000E+00    4.000000E+00    4.000000E+00
       155    2    1.000000E+01    4.000000E+00    4.000000E+00
       126    1    4.000000E+00    6.000000E+00    4.000000E+00
       131    1    4.000000E+00    7.000000E+00    4.000000E+00
       136    1    4.000000E+00    8.000000E+00    4.000000E+00
       141    1    4.000000E+00    9.000000E+00    4.000000E+00
       146    1    4.000000E+00    1.000000E+01    4.000000E+00
       154    3    4.000000E+00    4.000000E+00    5.000000E+00
       180    2    5.000000E+00    4.000000E+00    5.000000E+00
       186    2    5.000000E+00    5.000000E+00    5.000000E+00
       151    1    4.000000E+00    5.000000E+00    5.000000E+00
       181    2    6.000000E+00    4.000000E+00    5.000000E+00
       182    2    7.000000E+00    4.000000E+00    5.000000E+00
       187    2    7.000000E+00    5.000000E+00    5.000000E+00
       183    2    8.000000E+00    4.000000E+00    5.000000E+00
       188    2    8.000000E+00    5.000000E+00    5.000000E+00
       184    2    9.000000E+00    4.000000E+00    5.000000E+00
       189    2    9.000000E+00    5.000000E+00    5.000000E+00
       185    2    1.000000E+01    4.000000E+00    5.000000E+00
       190    2    1.000000E+01    5.000000E+00    5.000000E+00
       157    1    5.000000E+00    6.000000E+00    5.000000E+00
       156    1    4.000000E+00    6.000000E+00    5.000000E+00
       163    1    5.000000E+00    7.000000E+00    5.000000E+00
       162    1    4.000000E+00    7.000000E+00    5.000000E+00
       169    1    5.000000E+00    8.000000E+00    5.000000E+00
       168    1    4.000000E+00    8.000000E+00    5.000000E+00
       175    1    5.000000E+00    9.000000E+00    5.000000E+00
       174    1    4.000000E+00    9.000000E+00    5.000000E+00
       181    1    5.000000E+00    1.000000E+01    5.000000E+00
       180    1    4.000000E+00    1.000000E+01    5.000000E+00
       184    3    5.000000E+00    4.000000E+00    6.000000E+00
       211    2    6.000000E+00    4.000000E+00    6.000000E+00
       216    2    6.000000E+00    5.000000E+00    6.000000E+00
       190    3    5.000000E+00    5.000000E+00    6.000000E+00
       212    2    7.000000E+00    4.000000E+00    6.000000E+00
       217    2    7.000000E+00    5.000000E+00    6.000000E+00
       187    1    5.000000E+00    6.000000E+00    6.000000E+00
       218    2    8.000000E+00    5.000000E+00    6.000000E+00
       219    2    9.000000E+00    5.000000E+00    6.000000E+00
       220    2    1.000000E+01    5.000000E+00    6.000000E+00
       193    1    5.000000E+00    7.000000E+00    6.000000E+00
       199    1    5.000000E+00    8.000000E+00    6.000000E+00
       205    1    5.000000E+00    9.000000E+00    6.000000E+00
       211    1    5.000000E+00    1.000000E+01    6.000000E+00
       241    2    6.000000E+00    4.000000E+00    7.000000E+00
       242    2    7.000000E+00    4.000000E+00    7.000000E+00
       246    2    6.000000E+00    5.000000E+00    7.000000E+00
       213    2    8.000000E+00    4.000000E+00    6.000000E+00
       243    2    8.000000E+00    4.000000E+00    7.000000E+00
       214    2    9.000000E+00    4.000000E+00    6.000000E+00
       244    2    9.000000E+00    4.000000E+00    7.000000E+00
       215    2    1.000000E+01    4.000000E+00    6.000000E+00
       245    2    1.000000E+01    4.000000E+00    7.000000E+00
       212    1    5.000000E+00    5.000000E+00    7.000000E+00
       218    1    5.000000E+00    6.000000E+00    7.000000E+00
       224    1    5.000000E+00    7.000000E+00    7.000000E+00
       230    1    5.000000E+00    8.000000E+00    7.000000E+00
       236    1    5.000000E+00    9.000000E+00    7.000000E+00
       242    1    5.000000E+00    1.000000E+01    7.000000E+00
       267    2    6.000000E+00    4.000000E+00    8.000000E+00
       268    2    7.000000E+00    4.000000E+00    8.000000E+00
       273    2    7.000000E+00    5.000000E+00    8.000000E+00
       272    2    6.000000E+00    5.000000E+00    8.000000E+00
       269    2    8.000000E+00    4.000000E+00    8.000000E+00
       274    2    8.000000E+00    5.000000E+00    8.000000E+00
       270    2    9.000000E+00    4.000000E+00    8.000000E+00
       275    2    9.000000E+00    5.000000E+00    8.000000E+00
       271    2    1.000000E+01    4.000000E+00    8.000000E+00
       276    2    1.000000E+01    5.000000E+00    8.000000E+00
       261    3    5.000000E+00    5.000000E+00    8.000000E+00
       248    1    5.000000E+00    6.000000E+00    8.000000E+00
       254    1    5.000000E+00    7.000000E+00    8.000000E+00
       260    1    5.000000E+00    8.000000E+00    8.000000E+00
       266    1    5.000000E+00    9.000000E+00    8.000000E+00
       272    1    5.000000E+00    1.000000E+01    8.000000E+00
       297    3    5.000000E+00    5.000000E+00    9.000000E+00
       302    2    6.000000E+00    5.000000E+00    9.000000E+00
       278    1    5.000000E+00    6.000000E+00    9.000000E+00
       303    2    7.000000E+00    5.000000E+00    9.000000E+00
       304    2    8.000000E+00    5.000000E+00    9.000000E+00
       305    2    9.000000E+00    5.000000E+00    9.000000E+00
       306    2    1.000000E+01    5.000000E+00    9.000000E+00
       284    1    5.000000E+00    7.000000E+00    9.000000E+00
       290    1    5.000000E+00    8.000000E+00    9.000000E+00
       296    1    5.000000E+00    9.000000E+00    9.000000E+00
       302    1    5.000000E+00    1.000000E+01    9.000000E+00
       291    3    5.000000E+00    4.000000E+00    9.000000E+00
       297    2    6.000000E+00    4.000000E+00    9.000000E+00
       327    3    5.000000E+00    4.000000E+00    1.000000E+01
       327    2    6.000000E+00    4.000000E+00    1.000000E+01
       303    1    5.000000E+00    5.000000E+00    1.000000E+01
       298    2    7.000000E+00    4.000000E+00    9.000000E+00
       328    2    7.000000E+00    4.000000E+00    1.000000E+01
       299    2    8.000000E+00    4.000000E+00    9.000000E+00
       329    2    8.000000E+00    4.000000E+00    1.000000E+01
       300    2    9.000000E+00    4.000000E+00    9.000000E+00
       330    2    9.000000E+00    4.000000E+00    1.000000E+01
       332    2    9.000000E+00    5.000000E+00    1.000000E+01
       309    1    5.000000E+00    6.000000E+00    1.000000E+01
       333    2    1.000000E+01    5.000000E+00    1.000000E+01
       315    1    5.000000E+00    7.000000E+00    1.000000E+01
       321    1    5.000000E+00    8.000000E+00    1.000000E+01
       327    1    5.000000E+00    9.000000E+00    1.000000E+01
       333    1    5.000000E+00    1.000000E+01    1.000000E+01
       319       319
       361       361       361       361       361       361       361       361       361       361
       361       361       361       361       361       361       361       361       361       361
       361       361       361       361       361       361       361       361       361       361
       361       361       361       361       361       361       361       361       361       361
       361       361       361       361       361       361       361       361       361       361
       361       361       361       361       361       361       361       361       361       361
       361       361       361       361       361       361       361       361       361       361
       361       361       361       361       361       361       361       361       361       361
       361       361       361       361       361       361       361       361       361       361
       361       361       361       361       361       361       361       361       361       361
       361       361       361       361       361       361       361       361       361       361
       361       361       361       361       361       361       361       361       361       361
       361       361       361       361       361       361       361       361       361       361
       361       361       361       361       361       361       361       361       361       361
       361       361       361       361       361       361       361       361       361       361
       361       361       361       361       361       361       361       361       361       361
       361       361       361       361       361       361       361       361       361       361
       361       361       361       361       361       361       361       361       361       361
       361       361       361       361       361       361       361       361       361       361
       361       361       361       361       361       361       361       361       361       361
       361       361       361       361       361       361       361       361       361       361
       361       361       361       361       361       361       361       361       361       361
       361       361       361       361       361       361       361       361       361       361
       361       361       361       361       361       361       361       361       361       361
       361       361       361       361       361       361       361       361       361       361
       361       361       361       361       361       361       361       361       361       361
       361       361       361       361       361       361       361       361       361       361
       361       361       361       361       361       361       361       361       361       361
       361       361       361       361       361       361       361       361       361       361
       361       361       361       361       361       361       361       361       361       361
       361       361       361       361       361       361       361       361       361       361
       361       361       361       361       361       361       361       361       361
         1    0    1       334       335       336       337       338       339        33       340
         2    0    1       335       341       342       336       339       343        34        33
         3    0    1       341       344       345       342       343       346        35        34
         4    0    1       344       347         1       345       346       348        36        35
         5    0    1       347       349         2         1       348       350        37        36
         6    0    1       349       351       352         2       350       353        38        37
         7    0    1       337       336         3       354       340        33        39       355
         8    0    1       336       342         4         3        33        34        40        39
         9    0    1       342       345         5         4        34        35        41        40
        10    0    1       345         1         6         5        35        36        42        41
        11    0    1         1         2         7         6        36        37        43        42
        12    0    1         2       352         8         7        37        38        44        43
        13    0    1       354         3         9       356       355        39        45       357
        14    0    1         3         4        10         9        39        40        46        45
        15    0    1         4         5        11        10        40        41        47        46
        16    0    1         5         6        12        11        41        42        48        47
        17    0    1         6         7        13        12        42        43        49        48
        18    0    1         7         8        14        13        43        44        50        49
        19    0    1       356         9        15       358       357        45        51       359
        20    0    1         9        10        16        15        45        46        52        51
        21    0    1        10        11        17        16        46        47        53        52
        22    0    1        11        12        18        17        47        48        54        53
        23    0    1        12        13        19        18        48        49        55        54
        24    0    1        13        14        20        19        49        50        56        55
        25    0    1       358        15        21       360       359        51        57       361
        26    0    1        15        16        22        21        51        52        58        57
        27    0    1        16        17        23        22        52        53        59        58
        28    0    1        17        18        24        23        53        54        60        59
        29    0    1        18        19        25        24        54        55        61        60
        30    0    1        19        20        26        25        55        56        62        61
        31    0    1       360        21        27       362       361        57        63       363
        32    0    1        21        22        28        27        57        58        64        63
        33    0    1        22        23        29        28        58        59        65        64
        34    0    1        23        24        30        29        59        60        66        65
        35    0    1        24        25        31        30        60        61        67        66
        36    0    1        25        26        32        31        61        62        68        67
        37    0    1       338       339        33       340       364       365        69       366
        38    0    1       339       343        34        33       365       367        70        69
        39    0    1       343       346        35        34       367       368        71        70
        40    0    1       346       348        36        35       368       369        72        71
        41    0    1       348       350        37        36       369       370        73        72
        42    0    1       350       353        38        37       370       371        74        73
        43    0    1       340        33        39       355       366        69        75       372
        44    0    1        33        34        40        39        69        70        76        75
        45    0    1        34        35        41        40        70        71        77        76
        46    0    1        35        36        42        41        71        72        78        77
        47    0    1        36        37        43        42        72        73        79        78
        48    0    1        37        38        44        43        73        74        80        79
        49    0    1       355        39        45       357       372        75        81       373
        50    0    1        39        40        46        45        75        76        82        81
        51    0    1        40        41        47        46        76        77        83        82
        52    0    1        41        42        48        47        77        78        84        83
        53    0    1        42        43        49        48        78        79        85        84
        54    0    1        43        44        50        49        79        80        86        85
        55    0    1       357        45        51       359       373        81        87       374
        56    0    1        45        46        52        51        81        82        88        87
        57    0    1        46        47        53        52        82        83        89        88
        58    0    1        47        48        54        53        83        84        90        89
        59    0    1        48        49        55        54        84        85        91        90
        60    0    1        49        50        56        55        85        86        92        91
        61    0    1       359        51        57       361       374        87        93       375
        62    0    1        51        52        58        57        87        88        94        93
        63    0    1        52        53        59        58        88        89        95        94
        64    0    1        53        54        60        59        89        90        96        95
        65    0    1        54        55        61        60        90        91        97        96
        66    0    1        55        56        62        61        91        92        98        97
        67    0    1       361        57        63       363       375        93        99       376
        68    0    1        57        58        64        63        93        94       100        99
        69    0    1        58        59        65        64        94        95       101       100
        70    0    1        59        60        66        65        95        96       102       101
        71    0    1        60        61        67        66        96        97       103       102
        72    0    1        61        62        68        67        97        98       104       103
        73    0    1       364       365        69       366       377       378       105       379
        74    0    1       365       367        70        69       378       380       106       105
        75    0    1       367       368        71        70       380       381       382       106
        76    0    1       368       369        72        71       381       383       107       382
        77    0    1       369       370        73        72       383       384       108       107
        78    0    1       370       371        74        73       384       385       109       108
        79    0    1       366        69        75       372       379       105       110       386
        80    0    1        69        70        76        75       105       106       111       110
        81    0    1        70        71        77        76       106       382       112       111
        82    0    1        71        72        78        77       382       107       113       112
        83    0    1        72        73        79        78       107       108       114       113
        84    0    1        73        74        80        79       108       109       115       114
        85    0    1       372        75        81       373       386       110       116       387
        86    0    1        75        76        82        81       110       111       117       116
        87    0    1        76        77        83        82       111       112       118       117
        88    0    1        77        78        84        83       112       113       119       118
        89    0    1        78        79        85        84       113       114       120       119
        90    0    1        79        80        86        85       114       115       121       120
        91    0    1       373        81        87       374       387       116       122       388
        92    0    1        81        82        88        87       116       117       123       122
        93    0    1        82        83        89        88       117       118       124       123
        94    0    1        83        84        90        89       118       119       125       124
        95    0    1        84        85        91        90       119       120       126       125
        96    0    1        85        86        92        91       120       121       127       126
        97    0    1       374        87        93       375       388       122       128       389
        98    0    1        87        88        94        93       122       123       129       128
        99    0    1        88        89        95        94       123       124       130       129
       100    0    1        89        90        96        95       124       125       131       130
       101    0    1        90        91        97        96       125       126       132       131
       102    0    1        91        92        98        97       126       127       133       132
       103    0    1       375        93        99       376       389       128       134       390
       104    0    1        93        94       100        99       128       129       135       134
       105    0    1        94        95       101       100       129       130       136       135
       106    0    1        95        96       102       101       130       131       137       136
       107    0    1        96        97       103       102       131       132       138       137
       108    0    1        97        98       104       103       132       133       139       138
       109    0    1       377       378       105       379       391       392       140       393
       110    0    1       378       380       106       105       392       394       141       140
       111    0    1       380       381       382       106       394       395       142       141
       112    0    1       381       383       107       382       395       396       143       142
       113    0    1       383       384       108       107       396       397       144       143
       114    0    1       384       385       109       108       397       398       145       144
       115    0    1       379       105       110       386       393       140       146       399
       116    0    1       105       106       111       110       140       141       147       146
       117    0    1       106       382       112       111       141       142       148       147
       118    0    1       382       107       113       112       142       143       149       148
       119    0    1       107       108       114       113       143       144       150       149
       120    0    1       108       109       115       114       144       145       151       150
       121    0    1       386       110       116       387       399       146       152       400
       122    0    1       110       111       117       116       146       147       153       152
       123    0    1       111       112       118       117       147       148       154       153
       124    0    1       112       113       119       118       148       149       155       154
       125    0    1       113       114       120       119       149       150       156       155
       126    0    1       114       115       121       120       150       151       157       156
       127    0    1       387       116       122       388       400       152       158       401
       128    0    1       116       117       123       122       152       153       159       158
       129    0    1       117       118       124       123       153       154       160       159
       130    0    1       118       119       125       124       154       155       161       160
       131    0    1       119       120       126       125       155       156       162       161
       132    0    1       120       121       127       126       156       157       163       162
       133    0    1       388       122       128       389       401       158       164       402
       134    0    1       122       123       129       128       158       159       165       164
       135    0    1       123       124       130       129       159       160       166       165
       136    0    1       124       125       131       130       160       161       167       166
       137    0    1       125       126       132       131       161       162       168       167
       138    0    1       126       127       133       132       162       163       169       168
       139    0    1       389       128       134       390       402       164       170       403
       140    0    1       128       129       135       134       164       165       171       170
       141    0    1       129       130       136       135       165       166       172       171
       142    0    1       130       131       137       136       166       167       173       172
       143    0    1       131       132       138       137       167       168       174       173
       144    0    1       132       133       139       138       168       169       175       174
       145    0    1       391       392       140       393       404       405       406       407
       146    0    1       392       394       141       140       405       408       176       406
       147    0    1       394       395       142       141       408       409       410       176
       148    0    1       395       396       143       142       409       411       412       410
       149    0    1       396       397       144       143       411       413       414       412
       150    0    1       397       398       145       144       413       415       416       414
       151    0    1       393       140       146       399       407       406       417       418
       152    0    1       140       141       147       146       406       176       177       417
       153    0    1       141       142       148       147       176       410       178       177
       154    0    1       142       143       149       148       410       412       179       178
       155    0    1       143       144       150       149       412       414       180       179
       156    0    1       144       145       151       150       414       416       181       180
       157    0    1       399       146       152       400       418       417       419       420
       158    0    1       146       147       153       152       417       177       182       419
       159    0    1       147       148       154       153       177       178       183       182
       160    0    1       148       149       155       154       178       179       184       183
       161    0    1       149       150       156       155       179       180       185       184
       162    0    1       150       151       157       156       180       181       186       185
       163    0    1       400       152       158       401       420       419       421       422
       164    0    1       152       153       159       158       419       182       187       421
       165    0    1       153       154       160       159       182       183       188       187
       166    0    1       154       155       161       160       183       184       189       188
       167    0    1       155       156       162       161       184       185       190       189
       168    0    1       156       157       163       162       185       186       191       190
       169    0    1       401       158       164       402       422       421       423       424
       170    0    1       158       159       165       164       421       187       192       423
       171    0    1       159       160       166       165       187       188       193       192
       172    0    1       160       161       167       166       188       189       194       193
       173    0    1       161       162       168       167       189       190       195       194
       174    0    1       162       163       169       168       190       191       196       195
       175    0    1       402       164       170       403       424       423       425       426
       176    0    1       164       165       171       170       423       192       197       425
       177    0    1       165       166       172       171       192       193       198       197
       178    0    1       166       167       173       172       193       194       199       198
       179    0    1       167       168       174       173       194       195       200       199
       180    0    1       168       169       175       174       195       196       201       200
       181    0    1       405       408       176       406       427       428       429       430
       182    0    1       408       409       410       176       428       431       432       429
       183    0    1       406       176       177       417       430       429       202       433
       184    0    1       176       410       178       177       429       432       203       202
       185    0    1       410       412       179       178       432       434       204       203
       186    0    1       412       414       180       179       434       435       205       204
       187    0    1       414       416       181       180       435       436       206       205
       188    0    1       417       177       182       419       433       202       207       437
       189    0    1       177       178       183       182       202       203       208       207
       190    0    1       178       179       184       183       203       204       209       208
       191    0    1       179       180       185       184       204       205       210       209
       192    0    1       180       181       186       185       205       206       211       210
       193    0    1       419       182       187       421       437       207       212       438
       194    0    1       182       183       188       187       207       208       213       212
       195    0    1       183       184       189       188       208       209       214       213
       196    0    1       184       185       190       189       209       210       215       214
       197    0    1       185       186       191       190       210       211       216       215
       198    0    1       421       187       192       423       438       212       217       439
       199    0    1       187       188       193       192       212       213       218       217
       200    0    1       188       189       194       193       213       214       219       218
       201    0    1       189       190       195       194       214       215       220       219
       202    0    1       190       191       196       195       215       216       221       220
       203    0    1       423       192       197       425       439       217       222       440
       204    0    1       192       193       198       197       217       218       223       222
       205    0    1       193       194       199       198       218       219       224       223
       206    0    1       194       195       200       199       219       220       225       224
       207    0    1       195       196       201       200       220       221       226       225
       208    0    1       428       431       432       429       441       442       227       443
       209    0    1       431       444       434       432       442       445       228       227
       210    0    1       444       446       435       434       445       447       229       228
       211    0    1       446       448       436       435       447       449       230       229
       212    0    1       430       429       202       433       450       443       231       451
       213    0    1       429       432       203       202       443       227       232       231
       214    0    1       432       434       204       203       227       228       233       232
       215    0    1       434       435       205       204       228       229       234       233
       216    0    1       435       436       206       205       229       230       235       234
       217    0    1       433       202       207       437       451       231       236       452
       218    0    1       202       203       208       207       231       232       237       236
       219    0    1       203       204       209       208       232       233       238       237
       220    0    1       204       205       210       209       233       234       239       238
       221    0    1       205       206       211       210       234       235       240       239
       222    0    1       437       207       212       438       452       236       241       453
       223    0    1       207       208       213       212       236       237       242       241
       224    0    1       208       209       214       213       237       238       243       242
       225    0    1       209       210       215       214       238       239       244       243
       226    0    1       210       211       216       215       239       240       245       244
       227    0    1       438       212       217       439       453       241       246       454
       228    0    1       212       213       218       217       241       242       247       246
       229    0    1       213       214       219       218       242       243       248       247
       230    0    1       214       215       220       219       243       244       249       248
       231    0    1       215       216       221       220       244       245       250       249
       232    0    1       439       217       222       440       454       246       251       455
       233    0    1       217       218       223       222       246       247       252       251
       234    0    1       218       219       224       223       247       248       253       252
       235    0    1       219       220       225       224       248       249       254       253
       236    0    1       220       221       226       225       249       250       255       254
       237    0    1       441       442       227       443       456       457       458       459
       238    0    1       442       445       228       227       457       460       461       458
       239    0    1       445       447       229       228       460       462       463       461
       240    0    1       447       449       230       229       462       464       465       463
       241    0    1       450       443       231       451       466       459       256       467
       242    0    1       443       227       232       231       459       458       257       256
       243    0    1       227       228       233       232       458       461       258       257
       244    0    1       228       229       234       233       461       463       259       258
       245    0    1       229       230       235       234       463       465       260       259
       246    0    1       451       231       236       452       467       256       261       468
       247    0    1       231       232       237       236       256       257       262       261
       248    0    1       232       233       238       237       257       258       263       262
       249    0    1       233       234       239       238       258       259       264       263
       250    0    1       234       235       240       239       259       260       265       264
       251    0    1       452       236       241       453       468       261       266       469
       252    0    1       236       237       242       241       261       262       267       266
       253    0    1       237       238       243       242       262       263       268       267
       254    0    1       238       239       244       243       263       264       269       268
       255    0    1       239       240       245       244       264       265       270       269
       256    0    1       453       241       246       454       469       266       271       470
       257    0    1       241       242       247       246       266       267       272       271
       258    0    1       242       243       248       247       267       268       273       272
       259    0    1       243       244       249       248       268       269       274       273
       260    0    1       244       245       250       249       269       270       275       274
       261    0    1       454       246       251       455       470       271       276       471
       262    0    1       246       247       252       251       271       272       277       276
       263    0    1       247       248       253       252       272       273       278       277
       264    0    1       248       249       254       253       273       274       279       278
       265    0    1       249       250       255       254       274       275       280       279
       266    0    1       466       459       256       467       472       473       281       474
       267    0    1       459       458       257       256       473       475       282       281
       268    0    1       458       461       258       257       475       476       283       282
       269    0    1       461       463       259       258       476       477       284       283
       270    0    1       463       465       260       259       477       478       285       284
       271    0    1       467       256       261       468       474       281       286       479
       272    0    1       256       257       262       261       281       282       287       286
       273    0    1       257       258       263       262       282       283       288       287
       274    0    1       258       259       264       263       283       284       289       288
       275    0    1       259       260       265       264       284       285       290       289
       276    0    1       468       261       266       469       479       286       291       480
       277    0    1       261       262       267       266       286       287       292       291
       278    0    1       262       263       268       267       287       288       293       292
       279    0    1       263       264       269       268       288       289       294       293
       280    0    1       264       265       270       269       289       290       295       294
       281    0    1       469       266       271       470       480       291       296       481
       282    0    1       266       267       272       271       291       292       297       296
       283    0    1       267       268       273       272       292       293       298       297
       284    0    1       268       269       274       273       293       294       299       298
       285    0    1       269       270       275       274       294       295       300       299
       286    0    1       470       271       276       471       481       296       301       482
       287    0    1       271       272       277       276       296       297       302       301
       288    0    1       272       273       278       277       297       298       303       302
       289    0    1       273       274       279       278       298       299       304       303
       290    0    1       274       275       280       279       299       300       305       304
       291    0    1       483       484       473       472       485       486       306       487
       292    0    1       484       488       475       473       486       489       307       306
       293    0    1       488       490       476       475       489       491       308       307
       294    0    1       490       492       477       476       491       493       494       308
       295    0    1       472       473       281       474       487       306       309       495
       296    0    1       473       475       282       281       306       307       310       309
       297    0    1       475       476       283       282       307       308       311       310
       298    0    1       476       477       284       283       308       494       312       311
       299    0    1       477       478       285       284       494       496       313       312
       300    0    1       474       281       286       479       495       309       314       497
       301    0    1       281       282       287       286       309       310       315       314
       302    0    1       282       283       288       287       310       311       316       315
       303    0    1       283       284       289       288       311       312       317       316
       304    0    1       284       285       290       289       312       313       318       317
       305    0    1       479       286       291       480       497       314       319       498
       306    0    1       286       287       292       291       314       315       320       319
       307    0    1       287       288       293       292       315       316       321       320
       308    0    1       288       289       294       293       316       317       322       321
       309    0    1       289       290       295       294       317       318       323       322
       310    0    1       480       291       296       481       498       319       324       499
       311    0    1       291       292       297       296       319       320       325       324
       312    0    1       292       293       298       297       320       321       326       325
       313    0    1       293       294       299       298       321       322       327       326
       314    0    1       294       295       300       299       322       323       328       327
       315    0    1       481       296       301       482       499       324       329       500
       316    0    1       296       297       302       301       324       325       330       329
       317    0    1       297       298       303       302       325       326       331       330
       318    0    1       298       299       304       303       326       327       332       331
       319    0    1       299       300       305       304       327       328       333       332
         1         2         3         4         5         6         7         8         9        10
        11        12        13        14        15        16        17        18        19        20
        21        22        23        24        25        26        27        28        29        30
        31        32        33        34        35        36        37        38        39        40
        41        42        43        44        45        46        47        48        49        50
        51        52        53        54        55        56        57        58        59        60
        61        62        63        64        65        66        67        68        69        70
        71        72        73        74        75        76        77        78        79        80
        81        82        83        84        85        86        87        88        89        90
        91        92        93        94        95        96        97        98        99       100
       101       102       103       104       105       106       107       108       109       110
       111       112       113       114       115       116       117       118       119       120
       121       122       123       124       125       126       127       128       129       130
       131       132       133       134       135       136       137       138       139       140
       141       142       143       144       145       146       147       148       149       150
       151       152       153       154       155       156       157       158       159       160
       161       162       163       164       165       166       167       168       169       170
       171       172       173       174       175       176       177       178       179       180
       181       182       183       184       185       186       187       188       189       190
       191       192       193       194       195       196       197       198       199       200
       201       202       203       204       205       206       207       208       209       210
       211       212       213       214       215       216       217       218       219       220
       221       222       223       224       225       226       227       228       229       230
       231       232       233       234       235       236       237       238       239       240
       241       242       243       244       245       246       247       248       249       250
       251       252       253       254       255       256       257       258       259       260
       261       262       263       264       265       266       267       268       269       270
       271       272       273       274       275       276       277       278       279       280
       281       282       283       284       285       286       287       288       289       290
       291       292       293       294       295       296       297       298       299       300
       301       302       303       304       305       306       307       308       309       310
       311       312       313       314       315       316       317       318       319
        13       100       167
       334         3
       337         3
       338         3
       364         3
       377         3
       391         3
       404         3
       427         3
       430         3
       466         3
       472         3
       483         3
       485         3
       335         2
       336         2
       339         2
       341         2
       342         2
       343         2
       344         2
       345         2
       346         2
       347         2
       348         2
       349         2
       350         2
       351         2
       352         2
       353         2
       365         2
       367         2
       368         2
       369         2
       370         2
       371         2
       378         2
       380         2
       381         2
       382         2
       383         2
       384         2
       385         2
       392         2
       394         2
       395         2
       396         2
       397         2
       398         2
       405         2
       406         2
       408         2
       409         2
       410         2
       411         2
       412         2
       413         2
       414         2
       415         2
       416         2
       428         2
       429         2
       431         2
       432         2
       434         2
       435         2
       436         2
       441         2
       442         2
       443         2
       444         2
       445         2
       446         2
       447         2
       448         2
       449         2
       456         2
       457         2
       458         2
       459         2
       460         2
       461         2
       462         2
       463         2
       464         2
       465         2
       473         2
       475         2
       476         2
       477         2
       478         2
       484         2
       486         2
       488         2
       489         2
       490         2
       491         2
       492         2
       493         2
       494         2
       496         2
       340         1
       354         1
       355         1
       356         1
       357         1
       358         1
       359         1
       360         1
       361         1
       362         1
       363         1
       366         1
       372         1
       373         1
       374         1
       375         1
       376         1
       379         1
       386         1
       387         1
       388         1
       389         1
       390         1
       393         1
       399         1
       400         1
       401         1
       402         1
       403         1
       407         1
       417         1
       418         1
       419         1
       420         1
       421         1
       422         1
       423         1
       424         1
       425         1
       426         1
       433         1
       437         1
       438         1
       439         1
       440         1
       450         1
       451         1
       452         1
       453         1
       454         1
       455         1
       467         1
       468         1
       469         1
       470         1
       471         1
       474         1
       479         1
       480         1
       481         1
       482         1
       487         1
       495         1
       497         1
       498         1
       499         1
       500         1
        14       101       168
        33
         3
        39
        69
       105
       140
       176
       177
       202
       231
       256
       281
       306
       309
        33
        34
        35
         1
        36
         2
        37
        38
         3
        39
         4
        40
         5
        41
         6
        42
         8
         7
        44
        43
        69
        70
        71
        72
        73
        74
       105
       106
       107
       108
       109
        77
        76
       112
       111
        78
       113
       140
       141
       142
       143
       144
       145
       148
       147
       149
       176
       146
       177
       178
       179
       150
       180
       151
       181
       202
       203
       204
       205
       206
       227
       228
       229
       230
       231
       232
       233
       234
       235
       256
       257
       258
       259
       260
       281
       282
       283
       284
       285
       306
       307
       308
       309
       310
       311
       312
       313
        33
         3
        39
         9
        45
        15
        51
        21
        57
        27
        63
        69
        75
        81
        87
        93
        99
       105
       110
       116
       122
       128
       134
       140
       146
       152
       158
       164
       170
       141
       147
       176
       177
       153
       182
       159
       187
       165
       192
       171
       197
       202
       207
       212
       217
       222
       231
       236
       241
       246
       251
       256
       261
       266
       271
       276
       281
       286
       291
       296
       301
       306
       309
       314
       319
       324
       329
         4
         0         0        49        90
Xmin                                                            
Ymin                                                            
Zmin                                                            
       334       335       341       344       347       349       351       337       336       342
       345         1         2       352       354         3         4         5         6         7
         8       356         9        10        11        12        13        14       358        15
        16        17        18        19        20       360        21        22        23        24
        25        26       362        27        28        29        30        31        32
Zmax                                                            
       485       486       489       491       493       487       306       307       308       494
       496       495       309       310       311       312       313       497       314       315
       316       317       318       498       319       320       321       322       323       499
       324       325       326       327       328       500       329       330       331       332
       333
